0,9.8709
0.015,9.8154
0.025,9.8025
0.035,9.7286
0.044,9.7441
0.054,9.7679
0.064,9.8679
0.074,9.8986
0.084,10.011
0.094,10.012
0.104,10.037
0.114,9.9968
0.124,9.9877
0.134,9.9537
0.144,9.9606
0.154,9.9619
0.164,9.9443
0.174,9.9504
0.184,9.8672
0.194,9.8257
0.204,9.8226
0.214,9.7594
0.224,9.7591
0.234,9.7955
0.244,9.8078
0.254,9.8589
0.264,9.8935
0.274,9.8754
0.284,9.891
0.294,9.9232
0.304,9.8974
0.314,9.9745
0.324,9.9675
0.334,10.006
0.344,10.001
0.354,9.9735
0.364,9.9292
0.374,9.897
0.384,9.8742
0.393,9.8537
0.403,9.8337
0.413,9.8329
0.423,9.8345
0.433,9.844
0.443,9.8104
0.453,9.8039
0.463,9.8043
0.473,9.822
0.483,9.8615
0.493,9.9107
0.503,9.9262
0.513,9.9628
0.523,9.9542
0.533,9.9308
0.543,9.9477
0.553,9.9166
0.563,9.9476
0.573,9.9206
0.583,9.9248
0.593,9.9146
0.603,9.8899
0.613,9.851
0.623,9.8384
0.633,9.8256
0.643,9.8229
0.653,9.8133
0.663,9.869
0.673,9.8572
0.683,9.8621
0.693,9.8793
0.703,9.8777
0.713,9.8827
0.723,9.8979
0.733,9.917
0.743,9.9344
0.752,9.9533
0.762,9.9533
0.772,9.9528
0.782,9.9113
0.792,9.8842
0.802,9.881
0.812,9.8564
0.822,9.8654
0.832,9.839
0.842,9.8557
0.852,9.8434
0.862,9.81
0.872,9.8414
0.882,9.8277
0.892,9.8646
0.902,9.8654
0.912,9.8949
0.922,9.9148
0.932,9.913
0.942,9.9043
0.952,9.9019
0.962,9.9211
0.972,9.9187
0.982,9.933
0.992,9.9182
1.002,9.9151
1.012,9.8811
1.022,9.8586
1.032,9.8604
1.042,9.8362
1.052,9.8527
1.062,9.8619
1.072,9.8476
1.082,9.8645
1.092,9.8548
1.102,9.8765
1.111,9.8649
1.121,9.8866
1.131,9.8941
1.141,9.9184
1.151,9.9021
1.161,9.9356
1.171,9.9235
1.181,9.9139
1.191,9.9161
1.201,9.9109
1.211,9.8913
1.221,9.8646
1.231,9.8765
1.241,9.8787
1.251,9.8449
1.261,9.8495
1.271,9.8476
1.281,9.8356
1.291,9.8501
1.301,9.8581
1.311,9.8416
1.321,9.876
1.331,9.9097
1.341,9.8913
1.351,9.9061
1.361,9.8919
1.371,9.8893
1.381,9.9062
1.391,9.9112
1.401,9.8866
1.411,9.8937
1.421,9.8956
1.431,9.8736
1.441,9.8733
1.451,9.8516
1.461,9.8533
1.47,9.8601
1.48,9.86
1.49,9.8528
1.5,9.8648
1.51,9.8769
1.52,9.8528
1.53,9.8914
1.54,9.8606
1.55,9.8845
1.56,9.8823
1.57,9.8944
1.58,9.8899
1.59,9.9139
1.6,9.9019
1.61,9.8775
1.62,9.8536
1.63,9.8703
1.64,9.8748
1.65,9.8842
1.66,9.8581
1.67,9.8606
1.68,9.8723
1.69,9.8557
1.7,9.8536
1.71,9.8729
1.72,9.8613
1.73,9.8856
1.74,9.8808
1.75,9.8884
1.76,9.8884
1.77,9.8838
1.78,9.9082
1.79,9.9009
1.8,9.8696
1.81,9.9074
1.82,9.8931
1.829,9.8763
1.839,9.8902
1.849,9.8684
1.859,9.8489
1.869,9.8607
1.879,9.851
1.889,9.8628
1.899,9.8459
1.909,9.8651
1.919,9.8771
1.929,9.8678
1.939,9.8581
1.949,9.8896
1.959,9.8799
1.969,9.892
1.979,9.8899
1.989,9.8994
1.999,9.8732
2.009,9.8997
2.019,9.9094
2.029,9.8777
2.039,9.8754
2.049,9.8922
2.059,9.8657
2.069,9.8488
2.079,9.8821
2.089,9.8751
2.099,9.8658
2.109,9.8515
2.119,9.878
2.129,9.8706
2.139,9.8688
2.149,9.8738
2.159,9.8883
2.169,9.879
2.179,9.8838
2.189,9.9098
2.199,9.8859
2.209,9.9003
2.218,9.8759
2.228,9.8878
2.238,9.878
2.248,9.8778
2.258,9.8824
2.268,9.8774
2.278,9.8651
2.288,9.8578
2.298,9.8578
2.308,9.8819
2.318,9.8672
2.328,9.8724
2.338,9.8699
2.348,9.8726
2.358,9.8795
2.368,9.882
2.378,9.8727
2.388,9.8729
2.398,9.8845
2.408,9.8992
2.418,9.8871
2.428,9.9019
2.438,9.8874
2.448,9.8802
2.458,9.8754
2.468,9.8848
2.478,9.8778
2.488,9.8947
2.498,9.8823
2.508,9.8537
2.518,9.8657
2.528,9.878
2.538,9.8778
2.548,9.8706
2.558,9.8685
2.568,9.8706
2.578,9.8781
2.588,9.8711
2.598,9.8883
2.607,9.8616
2.617,9.8926
2.627,9.888
2.637,9.8901
2.647,9.8708
2.657,9.8997
2.667,9.8702
2.677,9.8799
2.687,9.8774
2.697,9.8673
2.707,9.8721
2.717,9.8793
2.727,9.8862
2.737,9.8672
2.747,9.8696
2.757,9.8723
2.767,9.8622
2.777,9.8771
2.787,9.894
2.797,9.8819
2.807,9.875
2.817,9.8798
2.827,9.8823
2.837,9.87
2.847,9.8847
2.857,9.8726
2.867,9.8824
2.877,9.8827
2.887,9.8512
2.897,9.8777
2.907,9.8896
2.917,9.8823
2.927,9.8751
2.937,9.875
2.947,9.8585
2.957,9.8657
2.967,9.8754
2.977,9.8607
2.986,9.8829
2.996,9.8802
3.006,9.8754
3.016,9.8681
3.026,9.8609
3.036,9.8875
3.046,9.8896
3.056,9.8824
3.066,9.8896
3.076,9.8944
3.086,9.8486
3.096,9.8676
3.106,9.8627
3.116,9.8579
3.126,9.8747
3.136,9.8795
3.146,9.8916
3.156,9.9036
3.166,9.8793
3.176,9.8673
3.186,9.8866
3.196,9.8792
3.206,9.8889
3.216,9.882
3.226,9.8748
3.236,9.8824
3.246,9.8772
3.256,9.8512
3.266,9.875
3.276,9.8943
3.286,9.875
3.296,9.8777
3.306,9.8703
3.316,9.8681
3.326,9.8824
3.336,9.8753
3.346,9.8751
3.355,9.8943
3.365,9.873
3.375,9.897
3.385,9.8893
3.395,9.9039
3.405,9.8679
3.415,9.8847
3.425,9.8848
3.435,9.8826
3.445,9.8893
3.455,9.8654
3.465,9.8726
3.475,9.8965
3.485,9.8676
3.495,9.8726
3.505,9.8892
3.515,9.8603
3.525,9.8914
3.535,9.8842
3.545,9.8723
3.555,9.8598
3.565,9.8765
3.575,9.8841
3.585,9.8866
3.595,9.8745
3.605,9.8627
3.615,9.8579
3.625,9.8697
3.635,9.8676
3.645,9.8705
3.655,9.8724
3.665,9.8821
3.675,9.8824
3.685,9.8657
3.695,9.8798
3.705,9.8777
3.714,9.8874
3.724,9.8826
3.734,9.8898
3.744,9.8801
3.754,9.8634
3.764,9.8633
3.774,9.8848
3.784,9.8537
3.794,9.8778
3.804,9.8754
3.814,9.885
3.824,9.873
3.834,9.8585
3.844,9.8944
3.854,9.8874
3.864,9.8922
3.874,9.892
3.884,9.8798
3.894,9.8678
3.904,9.8579
3.914,9.8771
3.924,9.8649
3.934,9.8672
3.944,9.8723
3.954,9.8578
3.964,9.8625
3.974,9.8723
3.984,9.8651
3.994,9.8841
4.004,9.8534
4.014,9.8676
4.024,9.875
4.034,9.8774
4.044,9.8898
4.054,9.8703
4.064,9.8823
4.074,9.861
4.084,9.8805
4.093,9.8854
4.103,9.8783
4.113,9.8733
4.123,9.8783
4.133,9.8735
4.143,9.8637
4.153,9.8685
4.163,9.8877
4.173,9.8854
4.183,9.8636
4.193,9.8807
4.203,9.876
4.213,9.8688
4.223,9.8753
4.233,9.8877
4.243,9.8684
4.253,9.8898
4.263,9.861
4.273,9.8872
4.283,9.8727
4.293,9.8609
4.303,9.8871
4.313,9.8561
4.323,9.8748
4.333,9.882
4.343,9.8628
4.353,9.8772
4.363,9.8652
4.373,9.8869
4.383,9.8916
4.393,9.8913
4.403,9.8554
4.413,9.8941
4.423,9.894
4.433,9.8676
4.443,9.8705
4.453,9.8633
4.462,9.873
4.472,9.8829
4.482,9.8732
4.492,9.8778
4.502,9.8733
4.512,9.8784
4.522,9.876
4.532,9.8904
4.542,9.8715
4.552,9.8712
4.562,9.9021
4.572,9.8762
4.582,9.8736
4.592,9.8711
4.602,9.8808
4.612,9.8756
4.622,9.8757
4.632,9.8612
4.642,9.8757
4.652,9.8491
4.662,9.8658
4.672,9.8874
4.682,9.8681
4.692,9.8804
4.702,9.8729
4.712,9.8706
4.722,9.875
4.732,9.8968
4.742,9.8802
4.752,9.8991
4.762,9.8895
4.772,9.8823
4.782,9.8657
4.792,9.8631
4.802,9.8848
4.812,9.885
4.822,9.8705
4.831,9.8875
4.841,9.8709
4.851,9.8805
4.861,9.8783
4.871,9.8781
4.881,9.8878
4.891,9.8592
4.901,9.8929
4.911,9.8762
4.921,9.876
4.931,9.8738
4.941,9.8765
4.951,9.8857
4.961,9.8905
4.971,9.876
4.981,9.8735
4.991,9.8878
5.001,9.8783
5.011,9.8783
5.021,9.8853
5.031,9.8827
5.041,9.873
5.051,9.8804
5.061,9.8899
5.071,9.8631
5.081,9.8681
5.091,9.8679
5.101,9.8823
5.111,9.8793
5.121,9.8772
5.131,9.8844
5.141,9.8676
5.151,9.8771
5.161,9.8842
5.171,9.8845
5.181,9.8848
5.191,9.8893
5.201,9.8824
5.211,9.861
5.22,9.8976
5.23,9.895
5.24,9.8883
5.25,9.895
5.26,9.9048
5.27,9.8808
5.28,9.8929
5.29,9.8832
5.3,9.8639
5.31,9.8709
5.32,9.8805
5.33,9.8687
5.34,9.8851
5.35,9.8634
5.36,9.8636
5.37,9.8682
5.38,9.8586
5.39,9.873
5.4,9.892
5.41,9.8732
5.42,9.8703
5.43,9.8655
5.44,9.8727
5.45,9.8875
5.46,9.8795
5.47,9.8673
5.48,9.894
5.49,9.8652
5.5,9.8723
5.51,9.8723
5.52,9.8913
5.53,9.8866
5.54,9.8651
5.55,9.8676
5.56,9.8793
5.57,9.87
5.579,9.87
5.589,9.8896
5.599,9.8821
5.609,9.8824
5.619,9.8872
5.629,9.8801
5.639,9.8681
5.649,9.8875
5.659,9.8685
5.669,9.8952
5.679,9.8931
5.689,9.9315
5.699,9.9229
5.709,9.9738
5.719,10.02
5.729,10.028
5.739,10.024
5.749,10.056
5.759,10.095
5.769,10.142
5.779,10.167
5.789,10.159
5.799,10.169
5.809,10.176
5.819,10.26
5.829,10.432
5.839,10.096
5.849,10.302
5.859,10.07
5.869,10.349
5.879,10.161
5.889,10.295
5.899,9.9357
5.909,10.329
5.919,10.022
5.929,10.314
5.939,10.149
5.949,10.091
5.959,10.06
5.969,9.7953
5.978,9.8486
5.988,9.538
5.998,9.7115
6.008,9.3752
6.018,9.5633
6.028,8.9523
6.038,9.0791
6.048,8.7754
6.058,9.1677
6.068,9.0312
6.078,9.1211
6.088,8.9113
6.098,9.1125
6.108,8.7227
6.118,9.4991
6.128,8.7322
6.138,9.7229
6.148,9.2412
6.158,9.7139
6.168,9.8536
6.178,9.7548
6.188,10.139
6.198,9.916
6.208,10.283
6.218,10.041
6.228,10.249
6.238,10.129
6.248,10.529
6.258,10.444
6.268,10.71
6.278,10.548
6.288,10.618
6.298,10.242
6.308,10.316
6.318,9.9504
6.328,10.158
6.338,10.172
6.348,10.209
6.358,10.122
6.367,9.7786
6.377,9.6401
6.387,9.5376
6.397,9.694
6.407,9.2684
6.417,9.5442
6.427,8.9409
6.437,9.438
6.447,9.2003
6.457,9.6636
6.467,9.4308
6.477,9.7384
6.487,9.5709
6.497,9.7802
6.507,9.6793
6.517,9.7941
6.527,9.7364
6.537,9.8911
6.547,10.007
6.557,10.162
6.567,10.211
6.577,10.118
6.587,10.063
6.597,9.8528
6.607,9.881
6.617,9.9422
6.627,10.109
6.637,10.095
6.647,10.077
6.657,9.8703
6.667,9.8043
6.677,9.7209
6.687,9.8205
6.697,9.7667
6.707,9.8115
6.717,9.7492
6.727,9.7878
6.737,9.7615
6.747,9.8601
6.757,9.8298
6.766,9.8504
6.776,9.7994
6.786,9.8483
6.796,9.9209
6.806,10.042
6.816,10.095
6.826,10.159
6.836,10.24
6.846,10.537
6.856,10.258
6.866,10.493
6.876,10.421
6.886,10.867
6.896,11.253
6.906,11.254
6.916,11.087
6.926,10.914
6.936,11.013
6.946,11.181
6.956,10.772
6.966,10.562
6.976,10.236
6.986,9.9208
6.996,9.6904
7.006,9.3416
7.016,8.5849
7.026,8.2083
7.036,8.3992
7.046,8.6207
7.056,9.0728
7.066,9.0753
7.076,9.6623
7.086,9.7606
7.096,10.558
7.106,10.555
7.116,11.117
7.126,11.375
7.136,11.629
7.146,11.544
7.155,11.585
7.165,11.676
7.175,11.722
7.185,12.081
7.195,11.116
7.205,10.396
7.215,9.2957
7.225,9.1208
7.235,9.325
7.245,8.751
7.255,7.9368
7.265,7.482
7.275,7.5802
7.285,8.3142
7.295,8.7442
7.305,9.1711
7.315,9.2246
7.325,9.8667
7.335,10.278
7.345,10.581
7.355,10.72
7.365,11.028
7.375,11.111
7.385,11.771
7.395,11.375
7.405,11.549
7.415,10.677
7.425,10.293
7.435,10.086
7.445,9.3647
7.455,9.2407
7.465,8.5589
7.475,8.7167
7.485,7.8862
7.495,7.8769
7.505,7.6973
7.515,8.4089
7.525,8.7885
7.535,9.2603
7.544,9.3537
7.554,9.8371
7.564,10.207
7.574,10.58
7.584,10.807
7.594,10.648
7.604,10.658
7.614,10.889
7.624,11.257
7.634,11.216
7.644,11.032
7.654,10.596
7.664,9.7757
7.674,9.6343
7.684,9.219
7.694,9.3027
7.704,9.1063
7.714,9.2196
7.724,9.3521
7.734,9.069
7.744,9.293
7.754,9.1651
7.764,9.6902
7.774,9.9862
7.784,10.535
7.794,10.759
7.804,11.323
7.814,10.909
7.824,10.709
7.834,10.515
7.844,9.7187
7.854,9.6139
7.864,9.0508
7.874,8.984
7.884,9.0017
7.894,8.5746
7.904,8.6107
7.914,8.8571
7.924,8.4597
7.933,8.614
7.943,8.5522
7.953,9.0554
7.963,9.365
7.973,9.8476
7.983,10.255
7.993,10.361
8.003,10.521
8.013,10.638
8.023,10.669
8.033,10.793
8.043,10.839
8.053,10.299
8.063,10.117
8.073,9.6611
8.083,9.8167
8.093,9.748
8.103,9.9354
8.113,9.8269
8.123,9.7401
8.133,9.5585
8.143,9.5257
8.153,9.2847
8.163,9.062
8.173,9.074
8.183,9.0008
8.193,9.1822
8.203,9.319
8.213,9.4415
8.223,9.6754
8.233,10.095
8.243,10.489
8.253,10.326
8.263,10.613
8.273,10.287
8.283,10.627
8.293,10.595
8.303,10.662
8.312,10.563
8.322,10.009
8.332,9.6687
8.342,9.2045
8.352,9.1006
8.362,9.006
8.372,9.237
8.382,9.6512
8.392,9.6832
8.402,9.9136
8.412,9.8491
8.422,10.04
8.432,10.168
8.442,10.283
8.452,10.087
8.462,10.119
8.472,9.7358
8.482,9.8854
8.492,10.203
8.502,10.223
8.512,10.618
8.522,10.586
8.532,10.85
8.542,10.546
8.552,10.249
8.562,9.6004
8.572,9.1422
8.582,9.2645
8.592,9.7127
8.602,9.7105
8.612,9.763
8.622,9.9937
8.632,9.622
8.642,10.159
8.652,9.7572
8.662,9.9784
8.672,9.3638
8.682,9.6732
8.692,9.374
8.701,9.8548
8.711,9.5958
8.721,10.208
8.731,9.7899
8.741,10.107
8.751,9.9658
8.761,9.938
8.771,9.4412
8.781,9.0818
8.791,8.8289
8.801,8.7846
8.811,8.962
8.821,9.0156
8.831,9.2599
8.841,9.5007
8.851,9.7143
8.861,10.022
8.871,9.9152
8.881,10.085
8.891,10.053
8.901,10.27
8.911,10.051
8.921,10.381
8.931,10.134
8.941,10.272
8.951,9.8334
8.961,10.075
8.971,9.556
8.981,9.7411
8.991,9.8357
9.001,9.9542
9.011,9.9296
9.021,10.235
9.031,10.076
9.041,10.503
9.051,10.012
9.061,10.166
9.07,10.186
9.08,10.384
9.09,10.356
9.1,10.243
9.11,10.17
9.12,9.8703
9.13,9.726
9.14,9.6614
9.15,9.4111
9.16,9.4193
9.17,9.5022
9.18,9.3627
9.19,9.5301
9.2,9.628
9.21,9.5927
9.22,9.9152
9.23,10.102
9.24,10.134
9.25,9.8714
9.26,9.6663
9.27,9.6182
9.28,9.5789
9.29,9.6064
9.3,9.5742
9.31,9.9494
9.32,10.354
9.33,10.407
9.34,10.565
9.35,10.142
9.36,10.506
9.37,10.402
9.38,10.224
9.39,9.7576
9.4,9.337
9.41,9.1397
9.42,9.4046
9.43,9.431
9.44,9.8959
9.45,9.779
9.46,10.307
9.47,10.082
9.479,10.223
9.489,9.7238
9.499,10.245
9.509,10.25
9.519,10.275
9.529,9.9417
9.539,9.6558
9.549,9.5115
9.559,9.6653
9.569,9.5284
9.579,9.8387
9.589,9.9242
9.599,9.9315
9.609,9.9356
9.619,9.629
9.629,9.7075
9.639,9.5277
9.649,9.7106
9.659,9.6653
9.669,9.4674
9.679,9.669
9.689,9.2955
9.699,9.8483
9.709,9.3823
9.719,10.351
9.729,9.9962
9.739,10.694
9.749,10.327
9.759,10.668
9.769,10.044
9.779,10.386
9.789,10.154
9.799,10.117
9.809,9.4081
9.819,9.5389
9.829,9.282
9.839,9.8769
9.849,9.8012
9.859,10.412
9.868,10.335
9.878,10.728
9.888,10.288
9.898,10.61
9.908,9.8693
9.918,10.647
9.928,9.7387
9.938,10.036
9.948,9.572
9.958,9.7109
9.968,9.8305
9.978,9.894
9.988,9.8332
9.998,9.4825
10.008,9.3958
10.018,9.0819
10.028,8.9667
10.038,8.9616
10.048,8.8089
10.058,9.3314
10.068,9.4192
10.078,10.11
10.088,9.8817
10.098,10.438
10.108,9.9998
10.118,10.108
10.128,9.6417
10.138,10.286
10.148,9.7316
10.158,9.8247
10.168,9.2219
10.178,9.2274
10.188,9.4117
10.198,9.7376
10.208,9.6079
10.218,9.7872
10.228,9.7444
10.238,10.013
10.248,10.086
10.258,10.067
10.268,9.8902
10.277,9.7649
10.287,9.7624
10.297,9.7407
10.307,9.9785
10.317,9.5103
10.327,9.825
10.337,9.3698
10.347,9.6055
10.357,9.4707
10.367,9.4431
10.377,9.7804
10.387,9.6971
10.397,10.03
10.407,9.8338
10.417,10.29
10.427,10.188
10.437,10.627
10.447,10.448
10.457,10.673
10.467,10.488
10.477,10.466
10.487,10.191
10.497,10.28
10.507,9.7636
10.517,9.9128
10.527,9.4552
10.537,9.2747
10.547,8.5598
10.557,8.6617
10.567,8.6348
10.577,8.9319
10.587,9.2654
10.597,9.5434
10.607,10.037
10.617,10.126
10.627,10.726
10.636,10.464
10.646,10.996
10.656,10.696
10.666,11.214
10.676,10.711
10.686,10.67
10.696,10.134
10.706,10.171
10.716,9.5539
10.726,9.701
10.736,8.9725
10.746,9.1601
10.756,8.7887
10.766,9.238
10.776,9.1187
10.786,9.516
10.796,9.5418
10.806,9.8569
10.816,9.9351
10.826,10.299
10.836,10.479
10.846,10.636
10.856,10.418
10.866,10.412
10.876,9.9712
10.886,10.16
10.896,9.5868
10.906,9.5266
10.916,8.9322
10.926,9.1831
10.936,9.0301
10.946,9.6895
10.956,9.585
10.966,9.7355
10.976,10.007
10.986,9.6283
10.996,10.279
11.006,9.8983
11.016,10.028
11.025,9.8842
11.035,9.9336
11.045,9.8581
11.055,10.045
11.065,10.31
11.075,9.9543
11.085,9.6501
11.095,9.397
11.105,9.3873
11.115,9.0698
11.125,9.4707
11.135,9.1276
11.145,9.7793
11.155,9.4567
11.165,10.345
11.175,9.9428
11.185,10.529
11.195,10.212
11.205,10.875
11.215,10.486
11.225,10.997
11.235,10.427
11.245,10.619
11.255,10.019
11.265,10.134
11.275,9.4011
11.285,9.4958
11.295,9.0376
11.305,9.3856
11.315,8.9203
11.325,9.1023
11.335,8.8258
11.345,9.469
11.355,9.5436
11.365,9.867
11.375,10.083
11.385,10.482
11.395,10.672
11.405,10.943
11.414,10.783
11.424,10.802
11.434,10.765
11.444,10.547
11.454,10.501
11.464,10.085
11.474,9.7085
11.484,9.5858
11.494,9.0701
11.504,9.5542
11.514,8.8318
11.524,9.6908
11.534,9.5401
11.544,10.223
11.554,9.695
11.564,10.645
11.574,9.8973
11.584,10.544
11.594,9.9898
11.604,10.089
11.614,9.9007
11.624,9.5666
11.634,9.7446
11.644,9.0358
11.654,9.3346
11.664,9.1503
11.674,9.729
11.684,9.6171
11.694,9.9131
11.704,9.8284
11.714,9.5503
11.724,10.247
11.734,9.4008
11.744,10.669
11.754,9.3581
11.764,10.366
11.774,9.4985
11.784,9.9898
11.794,9.5373
11.803,9.2972
11.813,9.4436
11.823,9.1797
11.833,9.5533
11.843,9.2609
11.853,9.6861
11.863,9.5717
11.873,9.7863
11.883,10.414
11.893,10.029
11.903,10.972
11.913,9.9669
11.923,10.886
11.933,10.047
11.943,10.77
11.953,10.042
11.963,10.524
11.973,9.5067
11.983,10.157
11.993,9.074
12.003,9.7605
12.013,8.6195
12.023,9.6877
12.033,8.7984
12.043,9.6663
12.053,8.9499
12.063,9.6067
12.073,9.163
12.083,9.7317
12.093,9.6388
12.103,9.9985
12.113,9.8872
12.123,10.146
12.133,10.171
12.143,10.66
12.153,10.355
12.163,10.942
12.173,10.603
12.183,11.147
12.192,10.46
12.202,10.846
12.212,10.01
12.222,10.722
12.232,9.9437
12.242,10.086
12.252,9.1701
12.262,8.8438
12.272,8.4633
12.282,8.1896
12.292,8.4332
12.302,8.0372
12.312,8.8638
12.322,8.8914
12.332,9.9919
12.342,9.8798
12.352,10.631
12.362,10.257
12.372,11.145
12.382,10.719
12.392,11.777
12.402,11.024
12.412,11.566
12.422,11.073
12.432,11.077
12.442,10.396
12.452,10.303
12.462,9.2138
12.472,9.0946
12.482,8.4318
12.492,8.3966
12.502,8.1797
12.512,8.0368
12.522,8.2276
12.532,8.6466
12.542,9.2091
12.552,9.694
12.562,10.103
12.572,10.265
12.581,10.384
12.591,10.342
12.601,10.485
12.611,10.488
12.621,10.877
12.631,10.641
12.641,10.729
12.651,10.521
12.661,10.377
12.671,10.311
12.681,9.988
12.691,9.5537
12.701,9.6718
12.711,8.711
12.721,9.4784
12.731,7.9292
12.741,9.4322
12.751,8.1389
12.761,9.9434
12.771,8.7613
12.781,10.173
12.791,9.2124
12.801,10.454
12.811,9.7384
12.821,10.515
12.831,9.8717
12.841,10.471
12.851,10.236
12.861,10.561
12.871,10.42
12.881,10.434
12.891,10.269
12.901,10.249
12.911,10.196
12.921,9.8428
12.931,10.009
12.941,9.56
12.951,10.087
12.961,9.6118
12.97,10.093
12.98,9.4919
12.99,10.08
13,9.6816
13.01,9.8769
13.02,10.104
13.03,9.9253
13.04,10.618
13.05,9.8157
13.06,10.32
13.07,9.6537
13.08,9.9823
13.09,9.8392
13.1,10.008
13.11,9.4632
13.12,10.102
13.13,9.5003
13.14,10.22
13.15,9.3925
13.16,10.135
13.17,9.2421
13.18,10.045
13.19,9.2148
13.2,10.115
13.21,9.2717
13.22,10.392
13.23,9.5695
13.24,10.622
13.25,9.9515
13.26,10.678
13.27,10.466
13.28,10.609
13.29,10.617
13.3,10.258
13.31,10.002
13.32,9.6977
13.33,9.3885
13.34,9.2021
13.35,9.0629
13.36,8.9247
13.37,8.9921
13.38,8.8614
13.389,8.9367
13.399,8.9777
13.409,9.5367
13.419,9.5081
13.429,10.159
13.439,9.851
13.449,10.322
13.459,10.321
13.469,10.645
13.479,10.426
13.489,10.646
13.499,10.556
13.509,10.686
13.519,10.555
13.529,10.15
13.539,9.7858
13.549,9.7334
13.559,9.1039
13.569,9.54
13.579,8.595
13.589,9.1987
13.599,8.5582
13.609,9.1107
13.619,9.0267
13.629,9.6136
13.639,9.562
13.649,10.138
13.659,10.192
13.669,10.496
13.679,10.373
13.689,10.527
13.699,10.293
13.709,10.547
13.719,10.051
13.729,10.345
13.739,9.4516
13.749,10.062
13.759,9.3002
13.769,9.9598
13.778,8.9653
13.788,9.6325
13.798,9.1382
13.808,9.9989
13.818,9.7579
13.828,10.171
13.838,9.9968
13.848,10.409
13.858,10.353
13.868,10.731
13.878,10.545
13.888,10.424
13.898,10.146
13.908,9.7822
13.918,10.077
13.928,8.987
13.938,9.8777
13.948,8.5757
13.958,10.038
13.968,8.808
13.978,9.9938
13.988,9.4165
13.998,9.3945
14.008,10.042
14.018,9.0547
14.028,10.532
14.038,9.3578
14.048,10.601
14.058,9.7617
14.068,10.341
14.078,10.063
14.088,10.443
14.098,10.301
14.108,10.533
14.118,10.344
14.128,10.74
14.138,10.337
14.148,10.514
14.158,10.007
14.167,9.9799
14.177,9.9723
14.187,9.3892
14.197,9.5855
14.207,8.7194
14.217,9.4064
14.227,8.5983
14.237,9.1612
14.247,8.7406
14.257,8.8432
14.267,9.2186
14.277,9.4952
14.287,9.9544
14.297,9.9178
14.307,9.9794
14.317,9.9777
14.327,10.294
14.337,10.423
14.347,10.289
14.357,10.387
14.367,9.8935
14.377,10.304
14.387,9.7188
14.397,10.095
14.407,9.5952
14.417,9.7893
14.427,9.6007
14.437,10.013
14.447,9.7028
14.457,10.08
14.467,9.5738
14.477,10.016
14.487,9.6575
14.497,9.8959
14.507,9.6188
14.517,9.8527
14.527,9.8087
14.537,10.025
14.547,9.8943
14.557,9.8166
14.566,9.8604
14.576,9.7804
14.586,9.9172
14.596,9.6868
14.606,10.084
14.616,9.7266
14.626,10.15
14.636,9.8073
14.646,10.041
14.656,9.6494
14.666,10.133
14.676,9.4467
14.686,10.114
14.696,9.3743
14.706,9.9295
14.716,9.4913
14.726,9.6527
14.736,9.3764
14.746,9.3963
14.756,9.5813
14.766,9.5395
14.776,10.184
14.786,9.6899
14.796,10.328
14.806,9.7636
14.816,10.404
14.826,10.158
14.836,10.376
14.846,10.246
14.856,10.202
14.866,10.317
14.876,10.173
14.886,10.141
14.896,10.14
14.906,10.103
14.916,10.405
14.926,10.32
14.936,10.405
14.946,10.073
14.956,10.485
14.966,10.044
14.976,9.9428
14.985,9.9088
14.995,9.2187
15.005,9.6718
15.015,8.6803
15.025,9.3103
15.035,8.7932
15.045,8.77
15.055,9.1535
15.065,8.755
15.075,9.5593
15.085,9.313
15.095,9.7504
15.105,9.7697
15.115,9.9366
15.125,10.039
15.135,10.206
15.145,10.374
15.155,10.33
15.165,10.371
15.175,10.544
15.185,10.037
15.195,10.641
15.205,9.466
15.215,10.231
15.225,9.1428
15.235,9.8694
15.245,9.3934
15.255,9.6298
15.265,9.4736
15.275,9.7525
15.285,9.682
15.295,10.006
15.305,9.8819
15.315,10.118
15.325,9.9241
15.335,10.085
15.345,9.9428
15.355,10.01
15.365,9.8024
15.375,9.8142
15.384,9.7349
15.394,9.8127
15.404,9.7516
15.414,9.7383
15.424,9.6367
15.434,9.6094
15.444,9.6521
15.454,9.67
15.464,9.7149
15.474,9.7151
15.484,9.7233
15.494,9.7033
15.504,9.8947
15.514,9.8787
15.524,9.8905
15.534,9.8369
15.544,9.7705
15.554,9.7705
15.564,9.8473
15.574,9.8838
15.584,10.023
15.594,9.9613
15.604,10.009
15.614,9.8302
15.624,9.9312
15.634,9.8233
15.644,9.9435
15.654,9.8913
15.664,9.9799
15.674,9.9146
15.684,9.9937
15.694,9.9533
15.704,9.9938
15.714,9.9769
15.724,9.989
15.734,9.992
15.744,10.062
15.754,10.052
15.764,10.004
15.774,9.9015
15.784,9.8262
15.793,9.8522
15.803,9.9642
15.813,10.018
15.823,10.107
15.833,9.9357
15.843,10.01
15.853,10.103
15.863,10.215
15.873,10.422
15.883,10.368
15.893,10.249
15.903,10.149
15.913,9.8575
15.923,9.8067
15.933,9.4795
15.943,9.6699
15.953,9.2973
15.963,9.648
15.973,9.058
15.983,9.6
15.993,9.0087
16.003,9.8223
16.013,9.2165
16.023,9.9169
16.033,9.5605
16.043,10.158
16.053,9.9937
16.063,10.243
16.073,10.199
16.083,10.293
16.093,10.447
16.103,10.339
16.113,10.199
16.123,10.308
16.133,10.047
16.143,10.171
16.153,9.7482
16.163,9.8419
16.173,9.1663
16.183,9.4621
16.193,8.9673
16.202,9.554
16.212,9.1389
16.222,9.737
16.232,9.5102
16.242,9.9781
16.252,9.9223
16.262,10.014
16.272,9.8835
16.282,9.9525
16.292,9.9717
16.302,10.005
16.312,9.876
16.322,9.8455
16.332,9.8254
16.342,9.8372
16.352,9.9474
16.362,9.8486
16.372,9.7739
16.382,9.6572
16.392,9.6684
16.402,9.7129
16.412,9.7971
16.422,9.784
16.432,9.8158
16.442,9.7414
16.452,9.7437
16.462,9.713
16.472,9.7512
16.482,9.7911
16.492,9.8845
16.502,9.9223
16.512,9.951
16.522,9.8772
16.532,9.8176
16.542,9.7387
16.552,9.7531
16.562,9.8392
16.572,9.9344
16.581,9.9803
16.591,9.9043
16.601,9.8519
16.611,9.7392
16.621,9.7967
16.631,9.8302
16.641,9.9088
16.651,9.889
16.661,9.8634
16.671,9.8301
16.681,9.8348
16.691,9.8344
16.701,9.878
16.711,9.8206
16.721,9.8419
16.731,9.8494
16.741,9.8781
16.751,9.9217
16.761,9.919
16.771,9.9028
16.781,9.8407
16.791,9.8025
16.801,9.8503
16.811,9.9124
16.821,9.9218
16.831,9.9212
16.841,9.8594
16.851,9.8354
16.861,9.8145
16.871,9.8576
16.881,9.9007
16.891,9.9366
16.901,9.947
16.911,9.9806
16.921,10.086
16.931,10.167
16.941,10.237
16.951,10.344
16.961,10.168
16.971,10.364
16.981,10.034
16.99,10.24
17,10.04
17.01,10.255
17.02,10.265
17.03,10.016
17.04,10.463
17.05,9.1207
17.06,10.353
17.07,8.4571
17.08,10.172
17.09,8.3863
17.1,9.7801
17.11,8.7261
17.12,9.5573
17.13,9.249
17.14,9.471
17.15,9.4617
17.16,9.644
17.17,9.7402
17.18,9.9012
17.19,9.9558
17.2,9.9691
17.21,10.007
17.22,10.004
17.23,10.12
17.24,10.233
17.25,10.279
17.26,10.347
17.27,10.443
17.28,10.327
17.29,10.432
17.3,10.178
17.31,10.102
17.32,10.196
17.33,9.8916
17.34,9.9103
17.35,9.7631
17.36,9.3687
17.37,9.5906
17.38,9.2936
17.389,9.299
17.399,9.2731
17.409,9.2669
17.419,9.4609
17.429,9.6419
17.439,9.813
17.449,9.8968
17.459,9.8238
17.469,9.8766
17.479,9.6745
17.489,9.7344
17.499,9.6027
17.509,9.8046
17.519,9.7855
17.529,9.9681
17.539,9.9326
17.549,9.9926
17.559,9.854
17.569,9.8353
17.579,9.7444
17.589,9.8407
17.599,9.8793
17.609,10.023
17.619,10.076
17.629,10.092
17.639,10.061
17.649,10.085
17.659,10.138
17.669,10.179
17.679,10.068
17.689,10.032
17.699,9.967
17.709,9.8947
17.719,10.031
17.729,9.7817
17.739,10.08
17.749,9.629
17.759,9.9815
17.769,9.5778
17.779,10.103
17.789,9.781
17.798,10.182
17.808,9.7784
17.818,10.024
17.828,9.719
17.838,9.9777
17.848,9.7211
17.858,9.8955
17.868,9.8917
17.878,9.7982
17.888,10.198
17.898,9.523
17.908,10.16
17.918,9.5534
17.928,10.114
17.938,9.8224
17.948,9.8241
17.958,9.7504
17.968,9.7748
17.978,9.8464
17.988,9.998
17.998,9.8325
18.008,10.062
18.018,9.7048
18.028,10.218
18.038,9.926
18.048,10.025
18.058,10.102
18.068,9.7106
18.078,10.399
18.088,9.6937
18.098,10.3
18.108,9.5894
18.118,10.014
18.128,9.8667
18.138,10
18.148,10.01
18.158,9.6861
18.168,10.115
18.178,9.3752
18.187,10.273
18.197,9.1181
18.207,10.101
18.217,9.1657
18.227,9.7886
18.237,9.3529
18.247,9.6232
18.257,9.377
18.267,9.6078
18.277,9.5678
18.287,9.7398
18.297,9.8096
18.307,9.7841
18.317,10.003
18.327,9.9085
18.337,10.109
18.347,9.9518
18.357,10.086
18.367,10.051
18.377,9.9103
18.387,9.975
18.397,9.7804
18.407,9.9522
18.417,9.6855
18.427,9.782
18.437,9.5335
18.447,9.7115
18.457,9.6685
18.467,9.9345
18.477,9.936
18.487,10.058
18.497,9.9527
18.507,9.9621
18.517,9.8589
18.527,9.8663
18.537,9.8447
18.547,9.8892
18.557,9.889
18.567,9.9247
18.576,9.8886
18.586,9.8518
18.596,9.8348
18.606,9.7943
18.616,9.8036
18.626,9.7741
18.636,9.8217
18.646,9.8214
18.656,9.8429
18.666,9.8331
18.676,9.785
18.686,9.7997
18.696,9.7947
18.706,9.8013
18.716,9.8497
18.726,9.8589
18.736,9.8663
18.746,9.8308
18.756,9.8554
18.766,9.8507
18.776,9.8628
18.786,9.8681
18.796,9.8753
18.806,9.8802
18.816,9.9021
18.826,9.8874
18.836,9.873
18.846,9.8634
18.856,9.8658
18.866,9.878
18.876,9.8444
18.886,9.8589
18.896,9.8613
18.906,9.8666
18.916,9.8498
18.926,9.8453
18.936,9.8166
18.946,9.8459
18.956,9.8606
18.966,9.8967
18.975,9.8853
18.985,9.881
18.995,9.8877
19.005,9.8881
19.015,9.8757
19.025,9.8807
19.035,9.8807
19.045,9.8827
19.055,9.8682
19.065,9.8509
19.075,9.8772
19.085,9.8527
19.095,9.8572
19.105,9.8452
19.115,9.845
19.125,9.8185
19.135,9.8404
19.145,9.8524
19.155,9.8525
19.165,9.8624
19.175,9.8699
19.185,9.882
19.195,9.8721
19.205,9.8865
19.215,9.8795
19.225,9.87
19.235,9.8624
19.245,9.8646
19.255,9.8572
19.265,9.8572
19.275,9.8521
19.285,9.8639
19.295,9.854
19.305,9.8278
19.315,9.8447
19.325,9.8305
19.335,9.8519
19.345,9.8522
19.355,9.8401
19.364,9.8525
19.374,9.8789
19.384,9.8624
19.394,9.8578
19.404,9.8842
19.414,9.8703
19.424,9.8845
19.434,9.8751
19.444,9.8775
19.454,9.8533
19.464,9.8751
19.474,9.8483
19.484,9.8796
19.494,9.8581
19.504,9.87
19.514,9.8434
19.524,9.8745
19.534,9.8434
19.544,9.8654
19.554,9.8461
19.564,9.8679
19.574,9.8823
19.584,9.8774
19.594,9.8871
19.604,9.8872
19.614,9.8946
19.624,9.8754
19.634,9.8679
19.644,9.8633
19.654,9.8533
19.664,9.841
19.674,9.8362
19.684,9.8387
19.694,9.8598
19.704,9.8741
19.714,9.8723
19.724,9.839
19.734,9.8679
19.744,9.8563
19.754,9.8706
19.764,9.8851
19.774,9.8655
19.784,9.882
19.793,9.8845
19.803,9.8769
19.813,9.8669
19.823,9.8762
19.833,9.8639
19.843,9.8583
19.853,9.8413
19.863,9.8413
19.873,9.8387
19.883,9.8506
19.893,9.8386
19.903,9.8437
19.913,9.8561
19.923,9.8754
19.933,9.861
19.943,9.8687
19.953,9.8685
19.963,9.8813
19.973,9.8646
19.983,9.8839
19.993,9.8721
20.003,9.8699
20.013,9.8889
20.023,9.8723
20.033,9.86
20.043,9.8455
20.053,9.8377
20.063,9.8977
20.073,9.8595
20.083,9.8624
20.093,9.8769
20.103,9.8411
20.113,9.8413
20.123,9.8558
20.133,9.863
20.143,9.8747
20.153,9.8824
20.163,9.875
20.173,9.8747
20.183,9.8842
20.193,9.8819
20.202,9.882
20.212,9.8649
20.222,9.889
20.232,9.8696
20.242,9.8816
20.252,9.8835
20.262,9.876
20.272,9.8712
20.282,9.8492
20.292,9.863
20.302,9.8557
20.312,9.8552
20.322,9.8335
20.332,9.8404
20.342,9.8116
20.352,9.8238
20.362,9.797
20.372,9.7991
20.382,9.7868
20.392,9.7938
20.402,9.7793
20.412,9.7699
20.422,9.7986
20.432,9.7988
20.442,9.809
20.452,9.7977
20.462,9.7932
20.472,9.7935
20.482,9.801
20.492,9.8296
20.502,9.8347
20.512,9.8606
20.522,9.8536
20.532,9.8152
20.542,9.825
20.552,9.8371
20.562,9.8401
20.572,9.8308
20.582,9.841
20.592,9.8269
20.602,9.8413
20.612,9.8604
20.621,9.8874
20.631,9.9236
20.641,9.9577
20.651,9.9489
20.661,10.019
20.671,9.9723
20.681,9.9803
20.691,10
20.701,10.015
20.711,10.028
20.721,10.057
20.731,10.07
20.741,10.041
20.751,10.026
20.761,9.9573
20.771,9.9372
20.781,9.8896
20.791,9.8931
20.801,9.832
20.811,9.8331
20.821,9.7841
20.831,9.7572
20.841,9.7471
20.851,9.7423
20.861,9.7717
20.871,9.8155
20.881,9.8383
20.891,9.866
20.901,9.898
20.911,9.9037
20.921,9.9166
20.931,9.9576
20.941,9.9573
20.951,9.9955
20.961,9.9371
20.971,9.9579
20.981,9.9062
20.991,9.8643
21.001,9.7822
21.011,9.8027
21.021,9.764
21.03,9.7994
21.04,9.8188
21.05,9.8167
21.06,9.8369
21.07,9.8307
21.08,9.8606
21.09,9.9459
21.1,9.9862
21.11,10.019
21.12,10.01
21.13,9.9667
21.14,9.9473
21.15,9.9175
21.16,9.9522
21.17,9.9057
21.18,9.895
21.19,9.8533
21.2,9.7977
21.21,9.8067
21.22,9.7563
21.23,9.7852
21.24,9.7611
21.25,9.7878
21.26,9.8338
21.27,9.844
21.28,9.8609
21.29,9.8666
21.3,9.8597
21.31,9.8576
21.32,9.8675
21.33,9.8893
21.34,9.9181
21.35,9.932
21.36,9.9055
21.37,9.8739
21.38,9.8685
21.39,9.863
21.4,9.8652
21.409,9.8594
21.419,9.8546
21.429,9.8711
21.439,9.8492
21.449,9.8344
21.459,9.8467
21.469,9.7989
21.479,9.8495
21.489,9.8691
21.499,9.8718
21.509,9.8964
21.519,9.8893
21.529,9.8971
21.539,9.883
21.549,9.8829
21.559,9.8829
21.569,9.8857
21.579,9.8829
21.589,9.8973
21.599,9.8877
21.609,9.8543
21.619,9.8492
21.629,9.8396
21.639,9.8518
21.649,9.8663
21.659,9.8518
21.669,9.8877
21.679,9.8787
21.689,9.8621
21.699,9.8669
21.709,9.8649
21.719,9.8724
21.729,9.8919
21.739,9.892
21.749,9.892
21.759,9.8847
21.769,9.8842
21.779,9.8962
21.789,9.8669
21.799,9.845
21.809,9.8597
21.818,9.8688
21.828,9.8664
21.838,9.8947
21.848,9.8612
21.858,9.8516
21.868,9.8492
21.878,9.8444
21.888,9.8781
21.898,9.864
21.908,9.8642
21.918,9.8836
21.928,9.8908
21.938,9.8814
21.948,9.9052
21.958,9.8985
21.968,9.8935
21.978,9.9151
21.988,9.9085
21.998,9.9057
22.008,9.9109
22.018,9.9181
22.028,9.9182
22.038,9.9236
22.048,9.9525
22.058,9.9405
22.068,9.9672
22.078,9.9549
22.088,9.9501
22.098,9.95
22.108,9.9208
22.118,9.8869
22.128,9.903
22.138,9.8808
22.148,9.8489
22.158,9.8742
22.168,9.8405
22.178,9.8473
22.188,9.8299
22.198,9.8009
22.207,9.7914
22.217,9.7869
22.227,9.804
22.237,9.8259
22.247,9.8067
22.257,9.809
22.267,9.7706
22.277,9.7775
22.287,9.7555
22.297,9.8082
22.307,9.813
22.317,9.8369
22.327,9.8133
22.337,9.8497
22.347,9.8143
22.357,9.8292
22.367,9.8416
22.377,9.8708
22.387,9.888
22.397,9.9289
22.407,9.9223
22.417,9.9054
22.427,9.8838
22.437,9.886
22.447,9.8643
22.457,9.8732
22.467,9.8871
22.477,9.8938
22.487,9.8431
22.497,9.8402
22.507,9.828
22.517,9.811
22.527,9.8232
22.537,9.8185
22.547,9.8763
22.557,9.8669
22.567,9.8672
22.576,9.8844
22.586,9.8631
22.596,9.8848
22.606,9.8995
22.616,9.8871
22.626,9.911
22.636,9.9109
22.646,9.8959
22.656,9.8765
22.666,9.8501
22.676,9.8278
22.686,9.8348
22.696,9.8302
22.706,9.8392
22.716,9.8344
22.726,9.8106
22.736,9.8181
22.746,9.828
22.756,9.845
22.766,9.8581
22.776,9.8681
22.786,9.8881
22.796,9.9052
22.806,9.9226
22.816,9.9229
22.826,9.911
22.836,9.8916
22.846,9.913
22.856,9.8835
22.866,9.8851
22.876,9.8851
22.886,9.8338
22.896,9.8429
22.906,9.8331
22.916,9.8209
22.926,9.828
22.936,9.8377
22.946,9.85
22.956,9.8576
22.966,9.8531
22.975,9.8724
22.985,9.8751
22.995,9.8777
23.005,9.8971
23.015,9.9212
23.025,9.9018
23.035,9.8994
23.045,9.9013
23.055,9.8744
23.065,9.8886
23.075,9.8425
23.085,9.8515
23.095,9.8537
23.105,9.8416
23.115,9.8558
23.125,9.8414
23.135,9.8342
23.145,9.8342
23.155,9.8325
23.165,9.8401
23.175,9.8784
23.185,9.8667
23.195,9.872
23.205,9.9007
23.215,9.882
23.225,9.8991
23.235,9.9016
23.245,9.8775
23.255,9.8995
23.265,9.9064
23.275,9.8801
23.285,9.8798
23.295,9.8771
23.305,9.8604
23.315,9.8842
23.325,9.8601
23.335,9.8621
23.344,9.857
23.354,9.8378
23.364,9.8522
23.374,9.8158
23.384,9.7895
23.394,9.8037
23.404,9.8107
23.414,9.8253
23.424,9.8227
23.434,9.8372
23.444,9.8401
23.454,9.8597
23.464,9.8527
23.474,9.8844
23.484,9.8795
23.494,9.875
23.504,9.9085
23.514,9.9107
23.524,9.9013
23.534,9.906
23.544,9.8985
23.554,9.891
23.564,9.8813
23.574,9.8685
23.584,9.8586
23.594,9.8563
23.604,9.8342
23.614,9.8221
23.624,9.8149
23.634,9.839
23.644,9.8389
23.654,9.8628
23.664,9.8491
23.674,9.8729
23.684,9.8661
23.694,9.8669
23.704,9.8669
23.714,9.8816
23.724,9.8769
23.734,9.8816
23.744,9.8646
23.753,9.8862
23.763,9.8744
23.773,9.8572
23.783,9.857
23.793,9.8431
23.803,9.8426
23.813,9.8711
23.823,9.8519
23.833,9.8566
23.843,9.8521
23.853,9.8595
23.863,9.8572
23.873,9.8669
23.883,9.8696
23.893,9.879
23.903,9.8747
23.913,9.8842
23.923,9.8747
23.933,9.8866
23.943,9.8699
23.953,9.8751
23.963,9.8866
23.973,9.8914
23.983,9.8742
23.993,9.8793
24.003,9.8554
24.013,9.8625
24.023,9.8554
24.033,9.8601
24.043,9.8675
24.053,9.8625
24.063,9.8718
24.073,9.8795
24.083,9.8651
24.093,9.8772
24.103,9.8772
24.113,9.8676
24.123,9.8747
24.132,9.875
24.142,9.8865
24.152,9.8742
24.162,9.8721
24.172,9.8717
24.182,9.8645
24.192,9.8642
24.202,9.8545
24.212,9.847
24.222,9.8757
24.232,9.8613
24.242,9.864
24.252,9.8564
24.262,9.8519
24.272,9.8567
24.282,9.8615
24.292,9.8666
24.302,9.869
24.312,9.8932
24.322,9.8887
24.332,9.8816
24.342,9.889
24.352,9.8914
24.362,9.8968
24.372,9.8896
24.382,9.9015
24.392,9.8973
24.402,9.8925
24.412,9.9024
24.422,9.903
24.432,9.9148
24.442,9.9149
24.452,9.8985
24.462,9.9006
24.472,9.8594
24.482,9.8443
24.492,9.7862
24.501,9.7804
24.511,9.7796
24.521,9.7693
24.531,9.7711
24.541,9.7736
24.551,9.7858
24.561,9.7792
24.571,9.782
24.581,9.819
24.591,9.8561
24.601,9.9143
24.611,9.9533
24.621,9.9607
24.631,9.9586
24.641,9.9609
24.651,9.92
24.661,9.9001
24.671,9.897
24.681,9.8883
24.691,9.8804
24.701,9.8265
24.711,9.8018
24.721,9.7892
24.731,9.7774
24.741,9.7702
24.751,9.794
24.761,9.8188
24.771,9.8726
24.781,9.866
24.791,9.8744
24.801,9.8995
24.811,9.9097
24.821,9.9103
24.831,9.9323
24.841,9.9157
24.851,9.9369
24.861,9.9076
24.871,9.8905
24.881,9.8732
24.89,9.8295
24.9,9.8311
24.91,9.8161
24.92,9.8157
24.93,9.828
24.94,9.8301
24.95,9.8235
24.96,9.8239
24.97,9.8438
24.98,9.8685
24.99,9.8783
25,9.9317
25.01,9.9221
25.02,9.932
25.03,9.9128
25.04,9.9028
25.05,9.8784
25.06,9.8829
25.07,9.8914
25.08,9.8835
25.09,9.8594
25.1,9.828
25.11,9.8299
25.12,9.8205
25.13,9.8113
25.14,9.8256
25.15,9.8595
25.16,9.8693
25.17,9.8796
25.18,9.8946
25.19,9.8952
25.2,9.8738
25.21,9.9003
25.22,9.903
25.23,9.9122
25.24,9.8974
25.25,9.883
25.26,9.8658
25.27,9.8678
25.279,9.8723
25.289,9.8863
25.299,9.86
25.309,9.8693
25.319,9.8811
25.329,9.869
25.339,9.8521
25.349,9.8229
25.359,9.8181
25.369,9.8229
25.379,9.8272
25.389,9.8272
25.399,9.8295
25.409,9.832
25.419,9.8223
25.429,9.8703
25.439,9.8372
25.449,9.8546
25.459,9.8667
25.469,9.8696
25.479,9.8726
25.489,9.8944
25.499,9.875
25.509,9.8824
25.519,9.8967
25.529,9.8826
25.539,9.8871
25.549,9.8726
25.559,9.8747
25.569,9.8648
25.579,9.8555
25.589,9.8408
25.599,9.8501
25.609,9.8525
25.619,9.8501
25.629,9.8648
25.639,9.8721
25.648,9.8747
25.658,9.8625
25.668,9.875
25.678,9.8868
25.688,9.8868
25.698,9.8727
25.708,9.8796
25.718,9.8865
25.728,9.8816
25.738,9.8694
25.748,9.8642
25.758,9.847
25.768,9.8471
25.778,9.8345
25.788,9.8513
25.798,9.8223
25.808,9.8146
25.818,9.8314
25.828,9.8097
25.838,9.8334
25.848,9.8578
25.858,9.8654
25.868,9.8563
25.878,9.8762
25.888,9.8932
25.898,9.8723
25.908,9.9083
25.918,9.9202
25.928,9.8964
25.938,9.9157
25.948,9.8961
25.958,9.879
25.968,9.8735
25.978,9.8399
25.988,9.8371
25.998,9.8224
26.008,9.8464
26.018,9.844
26.028,9.8465
26.037,9.8537
26.047,9.8063
26.057,9.8305
26.067,9.8646
26.077,9.8839
26.087,9.8845
26.097,9.8893
26.107,9.8995
26.117,9.9021
26.127,9.8874
26.137,9.8877
26.147,9.8971
26.157,9.885
26.167,9.8796
26.177,9.8889
26.187,9.8694
26.197,9.85
26.207,9.8525
26.217,9.8351
26.227,9.8446
26.237,9.8444
26.247,9.8709
26.257,9.8634
26.267,9.8639
26.277,9.8446
26.287,9.8398
26.297,9.8712
26.307,9.864
26.317,9.8663
26.327,9.8808
26.337,9.8878
26.347,9.8783
26.357,9.8808
26.367,9.8759
26.377,9.8612
26.387,9.8657
26.397,9.8657
26.407,9.8654
26.417,9.8604
26.426,9.8462
26.436,9.839
26.446,9.8561
26.456,9.8348
26.466,9.8515
26.476,9.8542
26.486,9.8518
26.496,9.8736
26.506,9.8717
26.516,9.8672
26.526,9.8645
26.536,9.8651
26.546,9.8651
26.556,9.8696
26.566,9.8744
26.576,9.8769
26.586,9.8742
26.596,9.8575
26.606,9.8458
26.616,9.8357
26.626,9.8426
26.636,9.8473
26.646,9.8569
26.656,9.8328
26.666,9.8305
26.676,9.8446
26.686,9.8474
26.696,9.8334
26.706,9.8163
26.716,9.8308
26.726,9.8428
26.736,9.8572
26.746,9.8383
26.756,9.8551
26.766,9.8335
26.776,9.8357
26.786,9.8525
26.796,9.838
26.806,9.8404
26.815,9.8182
26.825,9.835
26.835,9.8518
26.845,9.8708
26.855,9.8687
26.865,9.8741
26.875,9.8479
26.885,9.8384
26.895,9.8289
26.905,9.8624
26.915,9.8262
26.925,9.8158
26.935,9.8275
26.945,9.8154
26.955,9.844
26.965,9.7938
26.975,9.7745
26.985,9.6346
26.995,9.6455
27.005,9.623
27.015,9.7211
27.025,9.8314
27.035,9.828
27.045,9.8362
27.055,9.732
27.065,9.6729
27.075,9.7172
27.085,9.7766
27.095,9.8375
27.105,9.8377
27.115,9.8551
27.125,9.9184
27.135,9.9408
27.145,9.8033
27.155,9.8125
27.165,9.6425
27.175,9.7432
27.185,9.7684
27.195,9.7322
27.205,9.9754
27.215,9.694
27.224,9.8781
27.234,9.7028
27.244,9.9251
27.254,9.8871
27.264,10.055
27.274,9.9874
27.284,10.021
27.294,9.6956
27.304,10.083
27.314,9.9057
27.324,10.13
27.334,10.212
27.344,10.132
27.354,10.212
27.364,10.123
27.374,10.142
27.384,10.063
27.394,10.208
27.404,9.9172
27.414,10.223
27.424,9.654
27.434,10.293
27.444,9.5353
27.454,10.261
27.464,9.3784
27.474,10.088
27.484,9.3027
27.494,9.8856
27.504,9.3472
27.514,9.7822
27.524,9.1527
27.534,9.8401
27.544,9.1749
27.554,10.103
27.564,9.3735
27.574,10.074
27.584,9.4452
27.594,9.7869
27.604,9.7555
27.613,9.8901
27.623,10.045
27.633,9.7841
27.643,10.13
27.653,9.5627
27.663,10.006
27.673,9.8164
27.683,9.9486
27.693,10.19
27.703,9.6417
27.713,10.283
27.723,9.4641
27.733,10.249
27.743,9.4415
27.753,10.29
27.763,9.4771
27.773,10.344
27.783,9.7187
27.793,10.131
27.803,9.8413
27.813,10.077
27.823,9.7476
27.833,10.164
27.843,9.8036
27.853,10.114
27.863,10.042
27.873,9.7988
27.883,10.039
27.893,9.5742
27.903,9.9054
27.913,9.6762
27.923,9.8913
27.933,9.6822
27.943,9.6256
27.953,9.9199
27.963,9.3621
27.973,10.154
27.983,9.2645
27.993,10.081
28.002,9.3085
28.012,9.8585
28.022,9.548
28.032,9.653
28.042,9.9218
28.052,9.3906
28.062,10.11
28.072,9.4208
28.082,10.111
28.092,9.4516
28.102,9.892
28.112,9.5783
28.122,9.8907
28.132,9.8895
28.142,9.8459
28.152,10.333
28.162,9.6624
28.172,10.163
28.182,9.7696
28.192,10.114
28.202,9.8967
28.212,10.367
28.222,9.9146
28.232,10.466
28.242,10.12
28.252,10.288
28.262,10.243
28.272,9.8971
28.282,10.328
28.292,9.5732
28.302,10.188
28.312,9.2883
28.322,9.7096
28.332,9.5603
28.342,9.3867
28.352,10.112
28.362,9.396
28.371,10.557
28.381,9.5298
28.391,10.359
28.401,9.8155
28.411,9.9946
28.421,10.067
28.431,9.7067
28.441,10.087
28.451,9.478
28.461,9.9422
28.471,9.2618
28.481,9.9747
28.491,9.269
28.501,10.096
28.511,9.354
28.521,10.205
28.531,9.3144
28.541,10.042
28.551,9.521
28.561,9.8446
28.571,9.5084
28.581,9.9562
28.591,9.6919
28.601,10.216
28.611,9.8706
28.621,10.31
28.631,9.8401
28.641,10.246
28.651,9.8741
28.661,10
28.671,10.121
28.681,9.9097
28.691,10.032
28.701,9.9467
28.711,9.7741
28.721,9.9738
28.731,9.9931
28.741,10.037
28.751,10.309
28.761,10.167
28.77,10.404
28.78,10.329
28.79,10.067
28.8,10.447
28.81,9.6573
28.82,10.22
28.83,9.4919
28.84,9.9985
28.85,9.2723
28.86,9.6664
28.87,9.0295
28.88,9.4427
28.89,9.2835
28.9,9.4211
28.91,9.4506
28.92,9.6679
28.93,9.4136
28.94,9.7099
28.95,9.4904
28.96,9.7404
28.97,9.6899
28.98,9.7917
28.99,9.8013
29,10.019
29.01,9.8576
29.02,10.279
29.03,9.7863
29.04,10.292
29.05,9.8112
29.06,10.299
29.07,9.7816
29.08,10.393
29.09,9.7778
29.1,10.283
29.11,9.9783
29.12,10.198
29.13,10.246
29.14,10.085
29.15,10.179
29.16,10.059
29.169,10.14
29.179,10.026
29.189,10.138
29.199,9.6093
29.209,10.298
29.219,9.3927
29.229,10.225
29.239,9.6067
29.249,9.722
29.259,9.7715
29.269,9.4394
29.279,10.008
29.289,9.4684
29.299,9.9943
29.309,9.5786
29.319,9.472
29.329,9.8075
29.339,9.0258
29.349,9.9446
29.359,8.9753
29.369,10.223
29.379,9.2788
29.389,10.087
29.399,9.6575
29.409,9.8576
29.419,9.8438
29.429,9.6557
29.439,10.038
29.449,9.6706
29.459,10.182
29.469,9.8718
29.479,10.076
29.489,10.231
29.499,9.9308
29.509,10.584
29.519,9.8202
29.529,10.388
29.539,9.6305
29.548,10.195
29.558,9.7097
29.568,9.9964
29.578,10.053
29.588,9.9938
29.598,10.311
29.608,9.9913
29.618,10.248
29.628,9.7919
29.638,10.351
29.648,9.3894
29.658,10.138
29.668,9.525
29.678,10.142
29.688,9.7257
29.698,9.923
29.708,9.7432
29.718,9.615
29.728,9.8119
29.738,9.2612
29.748,10.007
29.758,8.9738
29.768,10.312
29.778,9.0744
29.788,10.277
29.798,9.1777
29.808,10.082
29.818,9.234
29.828,9.8194
29.838,9.3549
29.848,9.8772
29.858,9.5807
29.868,9.8928
29.878,9.725
29.888,10.039
29.898,10.042
29.908,10.169
29.917,10.19
29.927,10.282
29.937,10.135
29.947,10.076
29.957,9.8669
29.967,9.8663
29.977,9.9461
29.987,9.8429
29.997,10.11
30.007,9.9781
30.017,9.9941
30.027,10.161
30.037,9.7934
30.047,10.136
30.057,9.9681
30.067,9.9983
30.077,10.089
30.087,9.9254
30.097,10.286
30.107,9.7193
30.117,10.437
30.127,9.4207
30.137,10.261
30.147,9.3169
30.157,10.038
30.167,9.4147
30.177,9.4482
30.187,9.8381
30.197,9.0467
30.207,10.088
30.217,9.0524
30.227,10.133
30.237,9.1059
30.247,9.8037
30.257,9.3609
30.267,9.5277
30.277,9.6684
30.287,9.5013
30.297,9.7958
30.307,9.7456
30.316,10.131
30.326,9.8085
30.336,10.392
30.346,9.6816
30.356,10.461
30.366,9.6964
30.376,10.383
30.386,9.9039
30.396,10.175
30.406,9.9422
30.416,9.9155
30.426,9.96
30.436,9.8742
30.446,10.234
30.456,9.9344
30.466,10.348
30.476,9.6208
30.486,10.373
30.496,9.5913
30.506,10.232
30.516,9.6157
30.526,10.177
30.536,9.5659
30.546,10.335
30.556,9.7739
30.566,10.378
30.576,9.6989
30.586,10.097
30.596,9.4587
30.606,9.5672
30.616,9.5826
30.626,9.3494
30.636,9.7399
30.646,9.4205
30.656,9.6073
30.666,9.6709
30.676,9.5462
30.686,9.7079
30.696,9.5448
30.706,9.9199
30.716,9.5263
30.725,10.224
30.735,9.8844
30.745,10.124
30.755,10.085
30.765,10.014
30.775,10.228
30.785,10.122
30.795,10.275
30.805,10.081
30.815,10.102
30.825,10.209
30.835,9.9314
30.845,10.222
30.855,9.8006
30.865,10.284
30.875,9.6527
30.885,10.259
30.895,9.6747
30.905,10.082
30.915,9.6567
30.925,9.9667
30.935,9.8049
30.945,9.8037
30.955,9.9338
30.965,9.7257
30.975,9.8348
30.985,9.6865
30.995,9.5606
31.005,9.7696
31.015,9.2094
31.025,9.7142
31.035,9.1987
31.045,9.7383
31.055,9.4175
31.065,9.767
31.075,9.703
31.085,9.9604
31.095,9.8233
31.105,10.064
31.114,9.9574
31.124,10.039
31.134,10.021
31.144,9.9708
31.154,9.9553
31.164,10.136
31.174,9.7816
31.184,10.35
31.194,9.82
31.204,10.432
31.214,10.028
31.224,10.191
31.234,10.252
31.244,9.7855
31.254,10.192
31.264,9.7916
31.274,9.9759
31.284,9.9925
31.294,9.7401
31.304,10.194
31.314,9.4856
31.324,10.337
31.334,9.2467
31.344,10.463
31.354,9.1943
31.364,10.409
31.374,9.0777
31.384,10.027
31.394,9.3786
31.404,9.5361
31.414,9.8173
31.424,9.3552
31.434,10.013
31.444,9.2476
31.454,10.032
31.464,9.2084
31.474,9.8706
31.484,9.5088
31.494,9.5546
31.504,9.8058
31.513,9.3012
31.523,9.9736
31.533,9.5272
31.543,9.9432
31.553,9.9652
31.563,9.7332
31.573,10.332
31.583,9.7251
31.593,10.338
31.603,10.01
31.613,10.213
31.623,10.072
31.633,10.356
31.643,10.147
31.653,10.421
31.663,9.9651
31.673,10.313
31.683,9.7802
31.693,10.234
31.703,9.7034
31.713,9.9512
31.723,9.8378
31.733,9.734
31.743,10.185
31.753,9.6495
31.763,10.26
31.773,9.5632
31.783,10.107
31.793,9.46
31.803,9.6314
31.813,9.8727
31.823,9.0066
31.833,10.417
31.843,8.7263
31.853,10.537
31.863,8.8753
31.873,10.304
31.883,9.0161
31.893,10.185
31.903,9.0469
31.912,10.039
31.922,9.5386
31.932,10.098
31.942,10.033
31.952,10.15
31.962,10.12
31.972,10.036
31.982,10.087
31.992,10.022
32.002,9.9528
32.012,9.9242
32.022,10.047
32.032,9.8739
32.042,10.027
32.052,10.052
32.062,9.9471
32.072,10.163
32.082,10.01
32.092,10.065
32.102,10.079
32.112,9.7164
32.122,10.106
32.132,9.476
32.142,10.144
32.152,9.5792
32.162,10.4
32.172,9.4858
32.182,10.657
32.192,9.3344
32.202,10.588
32.212,9.0987
32.222,10.383
32.232,9.1719
32.242,10.147
32.252,9.4054
32.262,9.9781
32.272,9.5711
32.282,9.8465
32.292,9.7358
32.302,9.6488
32.311,9.6789
32.321,9.5177
32.331,9.8125
32.341,9.5519
32.351,10.158
32.361,9.4611
32.371,10.194
32.381,9.5377
32.391,10.066
32.401,9.8666
32.411,9.8684
32.421,10.005
32.431,9.6314
32.441,10.153
32.451,9.7006
32.461,10.235
32.471,9.8396
32.481,10.229
32.491,9.916
32.501,10.242
32.511,9.9955
32.521,10.156
32.531,9.8896
32.541,10.132
32.551,9.51
32.561,10.186
32.571,9.0867
32.581,10.492
32.591,9.0972
32.601,10.683
32.611,8.9867
32.621,10.73
32.631,8.9637
32.641,10.682
32.651,9.019
32.661,10.821
32.671,9.0217
32.681,10.879
32.691,9.1651
32.701,10.474
32.711,9.3903
32.72,9.8558
32.73,9.8021
32.74,9.515
32.75,10.156
32.76,9.3969
32.77,10.276
32.78,9.4449
32.79,10.343
32.8,9.6542
32.81,10.322
32.82,9.7533
32.83,10.117
32.84,9.6004
32.85,10.077
32.86,9.5254
32.87,9.9489
32.88,9.5596
32.89,9.9991
32.9,9.8314
32.91,10.055
32.92,9.9899
32.93,9.9378
32.94,10.167
32.95,9.7146
32.96,10.248
32.97,9.5236
32.98,10.357
32.99,9.5808
33,10.286
33.01,9.5766
33.02,10.153
33.03,9.4274
33.04,10.04
33.05,9.5344
33.06,9.944
33.07,9.7326
33.08,9.7413
33.09,9.6784
33.1,9.7524
33.11,9.7051
33.119,9.697
33.129,9.8923
33.139,9.4983
33.149,10.224
33.159,9.3163
33.169,10.418
33.179,9.3879
33.189,10.379
33.199,9.6197
33.209,10.193
33.219,9.9627
33.229,9.8938
33.239,9.8106
33.249,9.8827
33.259,9.679
33.269,10.109
33.279,9.651
33.289,10.048
33.299,9.8687
33.309,9.8313
33.319,10.099
33.329,9.6739
33.339,10.341
33.349,9.7187
33.359,10.293
33.369,9.8573
33.379,9.9049
33.389,10.261
33.399,9.3545
33.409,10.573
33.419,9.0237
33.429,10.497
33.439,9.1732
33.449,10.173
33.459,9.6855
33.469,9.7696
33.479,10.081
33.489,9.2719
33.499,10.3
33.508,9.066
33.518,10.255
33.528,9.1319
33.538,9.9685
33.548,9.6169
33.558,9.5573
33.568,9.9633
33.578,9.4302
33.588,9.9932
33.598,9.3671
33.608,10.065
33.618,9.6641
33.628,10.28
33.638,9.8839
33.648,10.401
33.658,9.9513
33.668,10.208
33.678,10.077
33.688,10.233
33.698,10.104
33.708,10.226
33.718,9.8337
33.728,10.361
33.738,9.5278
33.748,10.523
33.758,9.3822
33.768,10.401
33.778,9.6748
33.788,10.003
33.798,9.6006
33.808,9.8663
33.818,9.4126
33.828,9.881
33.838,9.5433
33.848,9.8774
33.858,9.731
33.868,9.7947
33.878,9.656
33.888,9.7976
33.898,9.327
33.907,9.9214
33.917,9.288
33.927,9.9905
33.937,9.3452
33.947,10.271
33.957,9.4073
33.967,10.3
33.977,9.4434
33.987,9.9193
33.997,9.667
34.007,9.5931
34.017,10.16
34.027,9.5019
34.037,10.391
34.047,9.7425
34.057,10.17
34.067,10.093
34.077,10.27
34.087,10.259
34.097,10.53
34.107,9.8778
34.117,10.631
34.127,9.7359
34.137,10.12
34.147,10.148
34.157,9.4031
34.167,10.31
34.177,9.4151
34.187,10.579
34.197,9.6049
34.207,10.65
34.217,9.5723
34.227,10.254
34.237,9.5582
34.247,9.7367
34.257,9.8624
34.267,9.5477
34.277,10.118
34.287,9.5799
34.297,10.21
34.307,9.5462
34.316,9.9527
34.326,9.3388
34.336,9.6432
34.346,9.3078
34.356,9.6617
34.366,9.5491
34.376,9.817
34.386,9.6275
34.396,9.8152
34.406,9.9095
34.416,9.6138
34.426,10.295
34.436,9.3365
34.446,10.351
34.456,9.3012
34.466,10.361
34.476,9.4138
34.486,10.485
34.496,9.5361
34.506,10.446
34.516,9.6953
34.526,10.305
34.536,10.065
34.546,9.9863
34.556,10.465
34.566,9.6949
34.576,10.453
34.586,9.82
34.596,10.215
34.606,10.115
34.616,10.019
34.626,10.225
34.636,9.7756
34.646,10.351
34.656,9.8033
34.666,10.235
34.676,9.7214
34.686,9.9107
34.696,9.753
34.706,9.6732
34.715,9.8976
34.725,9.5112
34.735,9.8042
34.745,9.4504
34.755,9.6897
34.765,9.54
34.775,9.5398
34.785,9.6718
34.795,9.3445
34.805,9.8127
34.815,9.3172
34.825,9.9121
34.835,9.49
34.845,9.9152
34.855,9.6708
34.865,9.9946
34.875,9.7621
34.885,9.9342
34.895,9.8844
34.905,9.9146
34.915,9.9051
34.925,9.988
34.935,10.033
34.945,10.168
34.955,9.8121
34.965,10.567
34.975,9.6287
34.985,10.779
34.995,9.7316
35.005,10.671
35.015,9.773
35.025,10.436
35.035,9.465
35.045,10.331
35.055,9.3015
35.065,10.408
35.075,9.2788
35.085,10.385
35.095,9.6356
35.105,10.088
35.115,9.9803
35.125,9.7926
35.135,10.34
35.145,9.4016
35.154,10.337
35.164,9.2627
35.174,10.115
35.184,9.4832
35.194,9.5489
35.204,9.6886
35.214,9.2536
35.224,9.7048
35.234,9.4642
35.244,9.7055
35.254,9.8196
35.264,9.7091
35.274,10.186
35.284,9.6422
35.294,10.165
35.304,9.4404
35.314,10.062
35.324,9.5617
35.334,9.8127
35.344,9.8943
35.354,9.8856
35.364,10.036
35.374,10.073
35.384,9.9167
35.394,10.048
35.404,9.8528
35.414,9.9597
35.424,9.8277
35.434,10.023
35.444,9.9426
35.454,10.008
35.464,9.935
35.474,9.8893
35.484,9.8607
35.494,9.8229
35.504,9.9751
35.514,9.6904
35.524,9.9739
35.534,9.6379
35.544,10.009
35.554,9.7012
35.564,9.7778
35.574,10.097
35.583,9.4172
35.593,10.27
35.603,9.3271
35.613,10.24
35.623,9.4569
35.633,9.6819
35.643,9.7055
35.653,9.4846
35.663,9.7093
35.673,9.4461
35.683,9.9233
35.693,9.6172
35.703,10.228
35.713,9.9404
35.723,10.348
35.733,9.9811
35.743,10.323
35.753,9.7485
35.763,10.324
35.773,9.5245
35.783,10.414
35.793,9.3211
35.803,10.428
35.813,9.5274
35.823,10.395
35.833,9.7251
35.843,10.26
35.853,9.722
35.863,9.9408
35.873,9.5579
35.883,9.9567
35.893,9.6111
35.903,9.964
35.913,9.6935
35.923,9.8049
35.933,9.6379
35.943,9.598
35.953,9.6648
35.963,9.6353
35.973,9.8299
35.983,9.8133
35.993,10.071
36.003,10.123
36.013,9.898
36.022,10.182
36.032,9.8874
36.042,9.9366
36.052,9.9543
36.062,9.98
36.072,10.009
36.082,10.124
36.092,9.8313
36.102,10.163
36.112,9.6419
36.122,9.9022
36.132,9.6576
36.142,9.7103
36.152,9.7536
36.162,9.7878
36.172,9.8374
36.182,9.8266
36.192,9.8751
36.202,9.7757
36.212,10.057
36.222,9.7694
36.232,10.125
36.242,9.9946
36.252,9.9997
36.262,10.14
36.272,9.8778
36.282,10.094
36.292,9.714
36.302,10.099
36.312,9.744
36.322,9.9377
36.332,9.6425
36.342,9.5736
36.352,9.5004
36.362,9.5103
36.372,9.6647
36.382,9.7971
36.392,10.07
36.402,10.029
36.412,10.178
36.422,9.9803
36.432,9.9142
36.441,9.8862
36.451,9.7546
36.461,9.6816
36.471,9.8811
36.481,9.7507
36.491,10.054
36.501,9.8199
36.511,10.106
36.521,9.65
36.531,10.055
36.541,9.49
36.551,10.073
36.561,9.4945
36.571,10.219
36.581,9.6778
36.591,10.504
36.601,9.75
36.611,10.654
36.621,9.4344
36.631,10.565
36.641,9.0011
36.651,10.553
36.661,8.9491
36.671,10.617
36.681,9.0505
36.691,10.72
36.701,8.9363
36.711,10.63
36.721,9.0511
36.731,10.227
36.741,9.3382
36.751,9.9567
36.761,9.6284
36.771,9.7051
36.781,10.015
36.791,9.5202
36.801,10.197
36.811,9.3735
36.821,10.116
36.831,9.4472
36.841,9.9778
36.851,9.7664
36.861,10.089
36.871,9.9242
36.88,10.088
36.89,9.9754
36.9,9.8922
36.91,9.9018
36.92,9.7519
36.93,10.047
36.94,9.9741
36.95,10.207
36.96,10.027
36.97,10.26
36.98,9.8512
36.99,10.127
37,9.5998
37.01,9.9895
37.02,9.7563
37.03,10.072
37.04,10.014
37.05,9.9411
37.06,9.9669
37.07,9.7947
37.08,9.8498
37.09,9.6304
37.1,10.034
37.11,9.4913
37.12,10.075
37.13,9.4009
37.14,10.035
37.15,9.403
37.16,10.16
37.17,9.177
37.18,10.146
37.19,9.2017
37.2,9.8413
37.21,9.5461
37.22,9.7509
37.23,9.8253
37.24,9.9739
37.25,9.8757
37.26,10.213
37.27,9.9206
37.28,10.23
37.29,9.9518
37.299,10.111
37.309,10.142
37.319,10.028
37.329,10.188
37.339,9.9567
37.349,9.9224
37.359,9.7702
37.369,9.694
37.379,9.8087
37.389,9.9122
37.399,9.8411
37.409,10.251
37.419,9.8881
37.429,10.456
37.439,9.756
37.449,10.373
37.459,9.7232
37.469,9.8904
37.479,9.832
37.489,9.5129
37.499,10.072
37.509,9.2051
37.519,10.227
37.529,8.8876
37.539,10.328
37.549,8.7813
37.559,10.474
37.569,8.8716
37.579,10.422
37.589,8.946
37.599,10.471
37.609,9.1475
37.619,10.527
37.629,9.0005
37.639,10.579
37.649,8.8565
37.659,10.546
37.669,8.9554
37.679,10.233
37.689,9.3404
37.699,10.098
37.709,9.8449
37.718,9.9904
37.728,10.402
37.738,9.7335
37.748,10.646
37.758,9.7768
37.768,10.571
37.778,9.9718
37.788,10.214
37.798,10.33
37.808,9.8429
37.818,10.323
37.828,10.021
37.838,10.173
37.848,10.377
37.858,9.863
37.868,10.277
37.878,9.444
37.888,10.252
37.898,9.2458
37.908,10.093
37.918,9.3481
37.928,9.7742
37.938,9.7066
37.948,9.4263
37.958,9.9536
37.968,9.2783
37.978,9.7735
37.988,9.3954
37.998,9.4337
38.008,9.5476
38.018,9.3762
38.028,9.3355
38.038,9.6109
38.048,9.0499
38.058,9.8185
38.068,8.914
38.078,10.131
38.088,9.171
38.098,10.406
38.108,9.7299
38.118,10.539
38.128,10.139
38.137,10.58
38.147,10.168
38.157,10.532
38.167,9.9877
38.177,10.445
38.187,10.117
38.197,10.252
38.207,10.117
38.217,10.149
38.227,9.9812
38.237,10.403
38.247,9.8735
38.257,10.396
38.267,9.9004
38.277,10.1
38.287,10.046
38.297,9.9562
38.307,10.287
38.317,9.8003
38.327,10.136
38.337,9.541
38.347,10.028
38.357,9.4831
38.367,9.8411
38.377,9.6165
38.387,9.5482
38.397,9.4945
38.407,9.5368
38.417,9.4624
38.427,9.5135
38.437,9.5903
38.447,9.4701
38.457,9.7209
38.467,9.2362
38.477,9.9377
38.487,9.0737
38.497,9.8503
38.507,9.438
38.517,9.9049
38.527,9.8369
38.536,9.9459
38.546,10.009
38.556,9.9245
38.566,10.087
38.576,9.6489
38.586,10.149
38.596,9.5618
38.606,10.5
38.616,9.7462
38.626,10.608
38.636,9.9188
38.646,10.423
38.656,9.8781
38.666,10.07
38.676,9.8524
38.686,9.85
38.696,10.032
38.706,9.747
38.716,10.443
38.726,9.7081
38.736,10.504
38.746,9.3403
38.756,10.278
38.766,9.197
38.776,10.22
38.786,9.4452
38.796,10.013
38.806,9.6813
38.816,9.6661
38.826,9.8122
38.836,9.4828
38.846,9.8091
38.856,9.316
38.866,9.6798
38.876,9.0729
38.886,9.4277
38.896,9.2699
38.906,9.6899
38.916,9.3725
38.925,9.9133
38.935,9.5916
38.945,9.9914
38.955,9.8726
38.965,9.8449
38.975,9.8369
38.985,9.7054
38.995,10.13
39.005,10.088
39.015,10.429
39.025,10.351
39.035,10.442
39.045,10.227
39.055,10.639
39.065,10.047
39.075,10.748
39.085,9.7995
39.095,10.777
39.105,9.7075
39.115,11.073
39.125,9.6358
39.135,10.805
39.145,9.5162
39.155,10.314
39.165,9.4193
39.175,9.8519
39.185,9.5883
39.195,9.3353
39.205,9.8191
39.215,8.9905
39.225,9.7133
39.235,9.165
39.245,9.4162
39.255,9.3946
39.265,9.2057
39.275,9.7064
39.285,9.1222
39.295,9.7895
39.305,9.0446
39.315,9.6432
39.325,9.2142
39.334,9.4428
39.344,9.5051
39.354,9.1253
39.364,9.9842
39.374,8.9057
39.384,10.612
39.394,9.0637
39.404,11.22
39.414,9.519
39.424,11.327
39.434,9.806
39.444,11.04
39.454,9.9037
39.464,10.881
39.474,9.9305
39.484,10.992
39.494,9.9738
39.504,10.918
39.514,9.722
39.524,10.684
39.534,9.6266
39.544,10.657
39.554,9.5407
39.564,10.535
39.574,9.6197
39.584,10.394
39.594,9.5512
39.604,10.252
39.614,9.3543
39.624,10.069
39.634,9.2071
39.644,10.053
39.654,9.1014
39.664,9.8642
39.674,9.0577
39.684,9.3234
39.694,9.1003
39.704,9.0428
39.714,9.3476
39.724,8.9423
39.733,9.8733
39.743,8.7448
39.753,10.201
39.763,8.7718
39.773,10.209
39.783,9.0066
39.793,10.213
39.803,9.1602
39.813,10.4
39.823,9.7902
39.833,10.589
39.843,10.315
39.853,10.643
39.863,10.291
39.873,10.413
39.883,10.293
39.893,10.159
39.903,10.369
39.913,10.152
39.923,10.444
39.933,10.349
39.943,10.433
39.953,10.307
39.963,10.271
39.973,9.9434
39.983,10.148
39.993,9.513
40.003,10.083
40.013,9.3976
40.023,10.16
40.033,9.2228
40.043,9.7581
40.053,9.2362
40.063,9.3576
40.073,9.3907
40.083,9.1337
40.093,9.8173
40.103,9.2249
40.113,10.073
40.123,9.3217
40.133,10.018
40.142,9.4034
40.152,9.9784
40.162,9.5045
40.172,9.8848
40.182,9.5855
40.192,9.7741
40.202,9.5162
40.212,9.8551
40.222,9.5522
40.232,9.9345
40.242,9.6175
40.252,9.9768
40.262,9.7419
40.272,10.059
40.282,9.8974
40.292,10.306
40.302,9.7471
40.312,10.457
40.322,9.5971
40.332,10.659
40.342,9.6656
40.352,10.912
40.362,9.6697
40.372,10.913
40.382,9.5647
40.392,10.762
40.402,9.6206
40.412,10.394
40.422,9.7037
40.432,10.051
40.442,9.9242
40.452,9.8431
40.462,10.058
40.472,9.4665
40.482,9.8224
40.492,9.2124
40.502,9.775
40.512,9.1349
40.522,9.8453
40.531,8.9354
40.541,9.9757
40.551,8.5936
40.561,10.073
40.571,8.6572
40.581,10.293
40.591,8.9463
40.601,10.568
40.611,9.1488
40.621,10.739
40.631,9.2633
40.641,10.703
40.651,9.3349
40.661,10.52
40.671,9.425
40.681,10.607
40.691,9.6944
40.701,10.612
40.711,9.9491
40.721,10.621
40.731,10.306
40.741,10.315
40.751,10.273
40.761,9.9263
40.771,10.36
40.781,9.6504
40.791,10.69
40.801,9.2804
40.811,10.711
40.821,9.2024
40.831,10.372
40.841,9.3651
40.851,9.8257
40.861,9.4316
40.871,9.3533
40.881,9.6897
40.891,9.1363
40.901,9.9354
40.911,8.9352
40.921,10.045
40.931,8.8462
40.94,10.018
40.95,9.0957
40.96,9.8932
40.97,9.4879
40.98,9.6542
40.99,9.6992
41,9.7004
41.01,9.9058
41.02,9.5846
41.03,9.9688
41.04,9.7822
41.05,10.116
41.06,9.8115
41.07,10.201
41.08,9.886
41.09,10.245
41.1,10.19
41.11,10.434
41.12,10.387
41.13,10.677
41.14,10.361
41.15,10.84
41.16,10.201
41.17,10.72
41.18,9.8705
41.19,10.495
41.2,9.6873
41.21,10.375
41.22,9.753
41.23,10.11
41.24,10.025
41.25,9.8856
41.26,10.255
41.27,9.6955
41.28,9.8322
41.29,9.4687
41.3,9.5901
41.31,9.2473
41.319,9.5099
41.329,8.972
41.339,9.3003
41.349,8.7123
41.359,9.1211
41.369,8.7516
41.379,8.7891
41.389,8.9785
41.399,8.8017
41.409,9.496
41.419,9.041
41.429,10.065
41.439,9.3651
41.449,10.506
41.459,9.6039
41.469,10.766
41.479,9.7123
41.489,11.115
41.499,9.7007
41.509,11.087
41.519,9.9732
41.529,10.679
41.539,10.238
41.549,10.291
41.559,10.39
41.569,10.045
41.579,10.614
41.589,9.9988
41.599,10.597
41.609,9.8717
41.619,10.397
41.629,10.01
41.639,10.287
41.649,10.113
41.659,10.289
41.669,10.071
41.679,10.426
41.688,9.8863
41.698,10.462
41.708,9.6537
41.718,10.309
41.728,9.4708
41.738,9.8991
41.748,9.4501
41.758,9.413
41.768,9.5099
41.778,9.0152
41.788,9.5078
41.798,8.7891
41.808,9.4126
41.818,8.7688
41.828,9.3716
41.838,9.0698
41.848,9.3295
41.858,9.4202
41.868,9.3466
41.878,9.6555
41.888,9.5138
41.898,9.8724
41.908,10.011
41.918,9.9693
41.928,10.383
41.938,10.014
41.948,10.465
41.958,10.143
41.968,10.478
41.978,10.295
41.988,10.307
41.998,10.27
42.008,10.15
42.018,10.27
42.028,10.396
42.038,9.9835
42.048,10.54
42.058,9.704
42.068,10.731
42.077,9.6711
42.087,10.807
42.097,9.6281
42.107,10.561
42.117,9.5245
42.127,10.21
42.137,9.478
42.147,9.8853
42.157,9.5096
42.167,9.9268
42.177,9.4157
42.187,9.9447
42.197,9.1581
42.207,9.494
42.217,8.7569
42.227,9.3
42.237,8.7962
42.247,9.7964
42.257,9.0719
42.267,9.9375
42.277,9.2418
42.287,9.7046
42.297,9.3787
42.307,9.64
42.317,9.4096
42.327,9.7456
42.337,9.5702
42.347,9.9154
42.357,9.8522
42.367,10.07
42.377,10.237
42.387,10.101
42.397,10.511
42.407,10.102
42.417,10.327
42.427,9.8308
42.437,10.047
42.447,9.8784
42.456,10.166
42.466,10.094
42.476,10.129
42.486,10.037
42.496,10.137
42.506,9.98
42.516,10.336
42.526,9.8937
42.536,10.566
42.546,9.6584
42.556,10.566
42.566,9.5635
42.576,10.483
42.586,9.6019
42.596,10.202
42.606,9.4573
42.616,9.8528
42.626,9.1518
42.636,9.6904
42.646,8.9578
42.656,9.8658
42.666,9.0352
42.676,9.8839
42.686,9.1421
42.696,9.7467
42.706,9.3969
42.716,9.5141
42.726,9.7211
42.736,9.5754
42.746,9.916
42.756,9.7988
42.766,10.012
42.776,10.127
42.786,10.186
42.796,10.175
42.806,10.274
42.816,10.062
42.826,10.282
42.835,9.9633
42.845,10.25
42.855,9.8251
42.865,10.192
42.875,9.781
42.885,10.086
42.895,9.935
42.905,10.173
42.915,10.004
42.925,10.34
42.935,10.128
42.945,10.443
42.955,10.253
42.965,10.377
42.975,10.147
42.985,10.03
42.995,10.091
43.005,9.8491
43.015,10.267
43.025,9.675
43.035,10.222
43.045,9.3913
43.055,9.9507
43.065,9.0924
43.075,9.7172
43.085,8.8888
43.095,9.6494
43.105,8.9321
43.115,9.6337
43.125,9.0445
43.135,9.6727
43.145,9.1181
43.155,9.6929
43.165,9.2638
43.175,9.7241
43.185,9.4756
43.195,9.764
43.204,9.6952
43.214,9.8537
43.224,9.9494
43.234,9.9979
43.244,10.157
43.254,10.021
43.264,10.268
43.274,10.017
43.284,10.301
43.294,9.9275
43.304,10.273
43.314,10.04
43.324,10.342
43.334,10.256
43.344,10.211
43.354,10.232
43.364,9.8408
43.374,10.289
43.384,10.216
43.394,10.561
43.404,10.396
43.414,10.396
43.424,9.9444
43.434,9.9952
43.444,9.5995
43.454,9.6733
43.464,9.6239
43.474,9.6323
43.484,9.8598
43.494,9.7655
43.504,9.7527
43.514,9.4382
43.524,9.2732
43.534,9.066
43.544,9.1303
43.554,9.0409
43.564,9.1921
43.574,9.0469
43.584,9.3332
43.594,9.1045
43.603,9.5106
43.613,9.4876
43.623,9.5915
43.633,9.8789
43.643,9.8107
43.653,10.066
43.663,9.8982
43.673,9.8964
43.683,9.7793
43.693,9.4178
43.703,9.817
43.713,9.2696
43.723,9.9869
43.733,9.468
43.743,10.083
43.753,9.6082
43.763,10.279
43.773,9.8817
43.783,10.46
43.793,9.8925
43.803,10.409
43.813,10.01
43.823,10.481
43.833,10.026
43.843,10.176
43.853,9.9142
43.863,9.8542
43.873,9.7444
43.883,9.8091
43.893,9.6401
43.903,9.8212
43.913,9.7778
43.923,9.8015
43.933,9.8658
43.943,9.9272
43.953,9.7259
43.963,9.8714
43.973,9.2841
43.983,9.8465
43.992,9.4539
44.002,9.7386
44.012,9.6657
44.022,9.8283
44.032,9.9571
44.042,9.9103
44.052,10.142
44.062,9.778
44.072,9.942
44.082,9.7738
44.092,9.9562
44.102,10.226
44.112,10.085
44.122,10.398
44.132,10.065
44.142,10.308
44.152,9.9597
44.162,10.263
44.172,10.122
44.182,10.043
44.192,10.345
44.202,10.027
44.212,10.524
44.222,10.137
44.232,10.599
44.242,10.114
44.252,10.26
44.262,10.048
44.272,9.7675
44.282,9.9197
