0,9.8676
0.01,9.8697
0.02,9.8838
0.03,9.8432
0.04,9.8628
0.05,9.8696
0.06,9.879
0.07,9.8738
0.08,9.8619
0.09,9.8735
0.1,9.8784
0.11,9.8642
0.12,9.8854
0.13,9.8878
0.14,9.8736
0.15,9.8904
0.16,9.8543
0.17,9.8711
0.18,9.8688
0.19,9.869
0.2,9.8881
0.21,9.8783
0.22,9.8595
0.23,9.8693
0.24,9.8839
0.25,9.8983
0.26,9.8622
0.27,9.8744
0.28,9.8745
0.29,9.87
0.3,9.8868
0.31,9.8675
0.32,9.8702
0.33,9.8678
0.34,9.8823
0.35,9.8917
0.36,9.8727
0.369,9.8657
0.379,9.8826
0.389,9.8564
0.399,9.8754
0.409,9.8851
0.419,9.8899
0.429,9.8685
0.439,9.878
0.449,9.8777
0.459,9.878
0.469,9.8732
0.479,9.8756
0.489,9.8848
0.499,9.8727
0.509,9.8681
0.519,9.8633
0.529,9.8775
0.539,9.8753
0.549,9.87
0.559,9.8798
0.569,9.875
0.579,9.882
0.589,9.8578
0.599,9.8772
0.609,9.8627
0.619,9.8649
0.629,9.8819
0.639,9.8814
0.649,9.8862
0.659,9.8817
0.669,9.8913
0.679,9.8624
0.689,9.8766
0.699,9.872
0.709,9.8814
0.719,9.8696
0.729,9.867
0.739,9.8744
0.749,9.8911
0.758,9.8696
0.768,9.8795
0.778,9.8985
0.788,9.8726
0.798,9.8744
0.808,9.8628
0.818,9.8652
0.828,9.8676
0.838,9.8753
0.848,9.8804
0.858,9.8896
0.868,9.8681
0.878,9.873
0.888,9.8804
0.898,9.8612
0.908,9.8711
0.918,9.8708
0.928,9.8805
0.938,9.8762
0.948,9.895
0.958,9.8904
0.968,9.8618
0.978,9.8859
0.988,9.857
0.998,9.8619
1.008,9.888
1.018,9.8663
1.028,9.8977
1.038,9.8688
1.048,9.8664
1.058,9.8783
1.068,9.8786
1.078,9.8733
1.088,9.8736
1.098,9.8663
1.108,9.8902
1.118,9.8756
1.127,9.8612
1.137,9.8775
1.147,9.8658
1.157,9.8845
1.167,9.8801
1.177,9.8823
1.187,9.8654
1.197,9.8581
1.207,9.8819
1.217,9.8723
1.227,9.87
1.237,9.8817
1.247,9.87
1.257,9.8699
1.267,9.8821
1.277,9.87
1.287,9.8964
1.297,9.8796
1.307,9.8512
1.317,9.8703
1.327,9.8842
1.337,9.8753
1.347,9.8994
1.357,9.8684
1.367,9.8636
1.377,9.8877
1.387,9.8612
1.397,9.8878
1.407,9.8759
1.417,9.8829
1.427,9.8833
1.437,9.8473
1.447,9.8736
1.457,9.8714
1.467,9.8787
1.477,9.8786
1.487,9.8789
1.496,9.8979
1.506,9.8884
1.516,9.8765
1.526,9.8836
1.536,9.8739
1.546,9.8618
1.556,9.8862
1.566,9.8666
1.576,9.8832
1.586,9.8711
1.596,9.876
1.606,9.8757
1.616,9.8687
1.626,9.8878
1.636,9.8708
1.646,9.8585
1.656,9.873
1.666,9.8753
1.676,9.892
1.686,9.8871
1.696,9.8678
1.706,9.8848
1.716,9.8799
1.726,9.8774
1.736,9.8654
1.746,9.8654
1.756,9.8654
1.766,9.8702
1.776,9.8676
1.786,9.8871
1.796,9.8702
1.806,9.8774
1.816,9.8798
1.826,9.863
1.836,9.8917
1.846,9.8727
1.855,9.8774
1.865,9.87
1.875,9.8512
1.885,9.8777
1.895,9.8777
1.905,9.8607
1.915,9.873
1.925,9.8467
1.935,9.8443
1.945,9.8756
1.955,9.8754
1.965,9.8922
1.975,9.8585
1.985,9.8706
1.995,9.8685
2.005,9.8805
2.015,9.8784
2.025,9.8732
2.035,9.8804
2.045,9.8949
2.055,9.8973
2.065,9.8543
2.075,9.8732
2.085,9.8542
2.095,9.8735
2.105,9.883
2.115,9.8949
2.125,9.8829
2.135,9.8732
2.145,9.8827
2.155,9.8778
2.165,9.8685
2.175,9.8944
2.185,9.9086
2.195,9.8775
2.204,9.8826
2.214,9.861
2.224,9.873
2.234,9.8654
2.244,9.8795
2.254,9.8649
2.264,9.8696
2.274,9.8914
2.284,9.889
2.294,9.872
2.304,9.8911
2.314,9.8672
2.324,9.8694
2.334,9.8789
2.344,9.8741
2.354,9.8814
2.364,9.8718
2.374,9.867
2.384,9.8811
2.394,9.8621
2.404,9.8839
2.414,9.8551
2.424,9.8576
2.434,9.8598
2.444,9.8501
2.454,9.8628
2.464,9.8772
2.474,9.8625
2.484,9.8506
2.494,9.87
2.504,9.8607
2.514,9.8657
2.524,9.8558
2.534,9.8729
2.544,9.8777
2.553,9.8777
2.563,9.873
2.573,9.8657
2.583,9.873
2.593,9.897
2.603,9.8804
2.613,9.8682
2.623,9.8826
2.633,9.8657
2.643,9.8824
2.653,9.8679
2.663,9.8658
2.673,9.8799
2.683,9.8796
2.693,9.8651
2.703,9.8772
2.713,9.8819
2.723,9.8723
2.733,9.8937
2.743,9.8742
2.753,9.8769
2.763,9.8648
2.773,9.8836
2.783,9.8816
2.793,9.872
2.803,9.8908
2.813,9.8787
2.823,9.881
2.833,9.8645
2.843,9.8643
2.853,9.8787
2.863,9.8477
2.873,9.8786
2.883,9.8717
2.893,9.8766
2.903,9.8887
2.912,9.8738
2.922,9.8693
2.932,9.8768
2.942,9.8696
2.952,9.8717
2.962,9.8622
2.972,9.8579
2.982,9.8937
2.992,9.8625
3.002,9.8699
3.012,9.8772
3.022,9.8675
3.032,9.87
3.042,9.8893
3.052,9.8798
3.062,9.8723
3.072,9.8676
3.082,9.8774
3.092,9.8775
3.102,9.8844
3.112,9.8726
3.122,9.8583
3.132,9.8536
3.142,9.8798
3.152,9.8799
3.162,9.8726
3.172,9.8968
3.182,9.8819
3.192,9.9064
3.202,9.8748
3.212,9.8869
3.222,9.8893
3.232,9.882
3.242,9.8798
3.252,9.8845
3.262,9.87
3.271,9.8774
3.281,9.8723
3.291,9.8726
3.301,9.8775
3.311,9.8723
3.321,9.889
3.331,9.8631
3.341,9.8795
3.351,9.8821
3.361,9.8819
3.371,9.8962
3.381,9.8603
3.391,9.8651
3.401,9.8723
3.411,9.872
3.421,9.8816
3.431,9.8723
3.441,9.8597
3.451,9.8769
3.461,9.8624
3.471,9.8816
3.481,9.8887
3.491,9.867
3.501,9.8817
3.511,9.8627
3.521,9.8579
3.531,9.8865
3.541,9.8723
3.551,9.8557
3.561,9.8579
3.571,9.8652
3.581,9.8796
3.591,9.875
3.601,9.8655
3.611,9.8774
3.621,9.8778
3.631,9.8754
3.64,9.8853
3.65,9.866
3.66,9.8613
3.67,9.8781
3.68,9.8759
3.69,9.8663
3.7,9.8756
3.71,9.8595
3.72,9.8784
3.73,9.8904
3.74,9.8902
3.75,9.8569
3.76,9.8711
3.77,9.8661
3.78,9.8756
3.79,9.8997
3.8,9.8663
3.81,9.8877
3.82,9.8804
3.83,9.8634
3.84,9.8801
3.85,9.8753
3.86,9.8801
3.87,9.8774
3.88,9.8606
3.89,9.8868
3.9,9.8796
3.91,9.8628
3.92,9.8798
3.93,9.8676
3.94,9.8795
3.95,9.889
3.96,9.8579
3.97,9.8726
3.98,9.875
3.99,9.8823
4,9.8898
4.009,9.8848
4.019,9.8919
4.029,9.8896
4.039,9.8919
4.049,9.8751
4.059,9.8516
4.069,9.8684
4.079,9.8684
4.089,9.8848
4.099,9.8754
4.109,9.8756
4.119,9.873
4.129,9.8706
4.139,9.866
4.149,9.8612
4.159,9.8856
4.169,9.8615
4.179,9.864
4.189,9.8664
4.199,9.8711
4.209,9.8784
4.219,9.8811
4.229,9.8595
4.239,9.881
4.249,9.8738
4.259,9.8979
4.269,9.8667
4.279,9.8688
4.289,9.8833
4.299,9.8856
4.309,9.8687
4.319,9.8733
4.329,9.8947
4.339,9.8829
4.349,9.8636
4.359,9.8732
4.369,9.8563
4.379,9.8853
4.388,9.8757
4.398,9.8706
4.408,9.8682
4.418,9.8971
4.428,9.885
4.438,9.8708
4.448,9.8778
4.458,9.8729
4.468,9.8802
4.478,9.8823
4.488,9.8705
4.498,9.8802
4.508,9.8847
4.518,9.8705
4.528,9.8824
4.538,9.8705
4.548,9.8775
4.558,9.8558
4.568,9.8847
4.578,9.8657
4.588,9.8799
4.598,9.8778
4.608,9.8706
4.618,9.8606
4.628,9.8729
4.638,9.8609
4.648,9.8589
4.658,9.8706
4.668,9.8706
4.678,9.8804
4.688,9.8778
4.698,9.8802
4.708,9.8851
4.718,9.8563
4.728,9.8971
4.738,9.8467
4.748,9.878
4.758,9.8685
4.767,9.8805
4.777,9.8923
4.787,9.8687
4.797,9.8664
4.807,9.8878
4.817,9.8591
4.827,9.8805
4.837,9.895
4.847,9.8616
4.857,9.8907
4.867,9.9046
4.877,9.8592
4.887,9.9021
4.897,9.8735
4.907,9.8612
4.917,9.8682
4.927,9.8826
4.937,9.8801
4.947,9.8824
4.957,9.8607
4.967,9.8726
4.977,9.8845
4.987,9.875
4.997,9.8627
5.007,9.8726
5.017,9.8801
5.027,9.8533
5.037,9.8575
5.047,9.8622
5.057,9.8625
5.067,9.8889
5.077,9.8723
5.087,9.8625
5.097,9.8937
5.107,9.8652
5.117,9.87
5.127,9.8816
5.137,9.8699
5.147,9.8675
5.156,9.8606
5.166,9.8697
5.176,9.8649
5.186,9.8579
5.196,9.8627
5.206,9.8606
5.216,9.8606
5.226,9.8751
5.236,9.8631
5.246,9.8705
5.256,9.8634
5.266,9.8537
5.276,9.878
5.286,9.8827
5.296,9.8802
5.306,9.8826
5.316,9.8827
5.326,9.8753
5.336,9.8751
5.346,9.8705
5.356,9.8563
5.366,9.8679
5.376,9.8706
5.386,9.8751
5.396,9.8631
5.406,9.8631
5.416,9.8775
5.426,9.8676
5.436,9.8772
5.446,9.8604
5.456,9.8796
5.466,9.8558
5.476,9.8673
5.486,9.8817
5.496,9.8769
5.506,9.8766
5.516,9.8744
5.525,9.8625
5.535,9.8862
5.545,9.8694
5.555,9.8597
5.565,9.8793
5.575,9.86
5.585,9.8693
5.595,9.8669
5.605,9.8432
5.615,9.8789
5.625,9.8645
5.635,9.8426
5.645,9.8814
5.655,9.8575
5.665,9.8838
5.675,9.8769
5.685,9.8718
5.695,9.8744
5.705,9.86
5.715,9.891
5.725,9.86
5.735,9.8766
5.745,9.8792
5.755,9.8747
5.765,9.8697
5.775,9.8747
5.785,9.8839
5.795,9.8866
5.805,9.8699
5.815,9.8917
5.825,9.8745
5.835,9.8748
5.845,9.8847
5.855,9.8771
5.865,9.8676
5.875,9.882
5.885,9.8655
5.894,9.8606
5.904,9.8724
5.914,9.8652
5.924,9.8772
5.934,9.8748
5.944,9.8748
5.954,9.8774
5.964,9.8772
5.974,9.8795
5.984,9.8483
5.994,9.8651
6.004,9.8672
6.014,9.8699
6.024,9.8724
6.034,9.8697
6.044,9.8747
6.054,9.8817
6.064,9.8771
6.074,9.8648
6.084,9.8576
6.094,9.8766
6.104,9.8814
6.114,9.8911
6.124,9.872
6.134,9.8717
6.144,9.8622
6.154,9.8694
6.164,9.867
6.174,9.8669
6.184,9.8694
6.194,9.8643
6.204,9.8714
6.214,9.8814
6.224,9.8691
6.234,9.8768
6.244,9.8696
6.254,9.8621
6.263,9.8841
6.273,9.8672
6.283,9.8793
6.293,9.901
6.303,9.8676
6.313,9.8747
6.323,9.8893
6.333,9.8727
6.343,9.856
6.353,9.8726
6.363,9.8702
6.373,9.8751
6.383,9.8845
6.393,9.8777
6.403,9.8799
6.413,9.897
6.423,9.873
6.433,9.8801
6.443,9.8778
6.453,9.8802
6.463,9.8802
6.473,9.8754
6.483,9.8708
6.493,9.8585
6.503,9.8874
6.513,9.8684
6.523,9.8756
6.533,9.8944
6.543,9.8679
6.553,9.8917
6.563,9.8941
6.573,9.8655
6.583,9.8678
6.593,9.8652
6.603,9.8699
6.613,9.8871
6.623,9.8871
6.633,9.8726
6.643,9.8774
6.653,9.8723
6.662,9.8724
6.672,9.8772
6.682,9.882
6.692,9.8536
6.702,9.8774
6.712,9.8844
6.722,9.8555
6.732,9.8892
6.742,9.8844
6.752,9.87
6.762,9.8702
6.772,9.8585
6.782,9.8795
6.792,9.8631
6.802,9.8798
6.812,9.8799
6.822,9.8824
6.832,9.8871
6.842,9.8802
6.852,9.8585
6.862,9.8756
6.872,9.8756
6.882,9.8708
6.892,9.8829
6.902,9.866
6.912,9.8661
6.922,9.8853
6.932,9.873
6.942,9.8851
6.952,9.8829
6.962,9.876
6.972,9.8784
6.982,9.8757
6.992,9.8733
7.002,9.8853
7.012,9.8922
7.022,9.8682
7.032,9.8877
7.041,9.8733
7.051,9.8754
7.061,9.8708
7.071,9.8877
7.081,9.8756
7.091,9.8757
7.101,9.8807
7.111,9.8708
7.121,9.8947
7.131,9.873
7.141,9.8729
7.151,9.885
7.161,9.8754
7.171,9.8875
7.181,9.8923
7.191,9.8757
7.201,9.8898
7.211,9.8609
7.221,9.8491
7.231,9.8711
7.241,9.8658
7.251,9.8661
7.261,9.8636
7.271,9.866
7.281,9.8756
7.291,9.8732
7.301,9.8708
7.311,9.8633
7.321,9.866
7.331,9.8851
7.341,9.866
7.351,9.8682
7.361,9.8757
7.371,9.8708
7.381,9.8756
7.391,9.8754
7.401,9.8661
7.411,9.8756
7.421,9.8805
7.43,9.854
7.44,9.885
7.45,9.8851
7.46,9.8687
7.47,9.8781
7.48,9.8926
7.49,9.8756
7.5,9.8926
7.51,9.8736
7.52,9.8757
7.53,9.8736
7.54,9.888
7.55,9.8567
7.56,9.8759
7.57,9.8687
7.58,9.8637
7.59,9.878
7.6,9.8589
7.61,9.8709
7.62,9.8805
7.63,9.8854
7.64,9.8637
7.65,9.8688
7.66,9.864
7.67,9.8783
7.68,9.8709
7.69,9.8853
7.7,9.8973
7.71,9.8708
7.72,9.8589
7.73,9.8875
7.74,9.8804
7.75,9.8802
7.76,9.8871
7.77,9.8705
7.78,9.8827
7.79,9.8754
7.8,9.8801
7.81,9.8583
7.82,9.8657
7.829,9.8561
7.839,9.8441
7.849,9.8751
7.859,9.8655
7.869,9.8658
7.879,9.8658
7.889,9.8609
7.899,9.8682
7.909,9.8729
7.919,9.8631
7.929,9.8654
7.939,9.878
7.949,9.8682
7.959,9.8705
7.969,9.8753
7.979,9.8754
7.989,9.8609
7.999,9.8824
8.009,9.8801
8.019,9.8802
8.029,9.8925
8.039,9.861
8.049,9.8777
8.059,9.8778
8.069,9.8633
8.079,9.873
8.089,9.8871
8.099,9.8682
8.109,9.873
8.119,9.8851
8.129,9.8658
8.139,9.8756
8.149,9.8777
8.159,9.8801
8.169,9.8896
8.179,9.8895
8.189,9.8895
8.199,9.8582
8.208,9.8705
8.218,9.8819
8.228,9.8655
8.238,9.8774
8.248,9.8824
8.258,9.8798
8.268,9.8651
8.278,9.8675
8.288,9.8676
8.298,9.8751
8.308,9.8798
8.318,9.8748
8.328,9.8772
8.338,9.8817
8.348,9.8771
8.358,9.8795
8.368,9.8772
8.378,9.8699
8.388,9.882
8.398,9.8841
8.408,9.8745
8.418,9.8819
8.428,9.8839
8.438,9.8673
8.448,9.8627
8.458,9.8985
8.468,9.8675
8.478,9.8841
8.488,9.8724
8.498,9.8649
8.508,9.882
8.518,9.8747
8.528,9.8721
8.538,9.8772
8.548,9.8795
8.558,9.8745
8.568,9.8654
8.578,9.8748
8.588,9.8865
8.597,9.8651
8.607,9.8798
8.617,9.8724
8.627,9.8627
8.637,9.889
8.647,9.8842
8.657,9.8676
8.667,9.8697
8.677,9.8678
8.687,9.8724
8.697,9.8628
8.707,9.8601
8.717,9.882
8.727,9.8652
8.737,9.8892
8.747,9.8845
8.757,9.8868
8.767,9.8871
8.777,9.8557
8.787,9.8726
8.797,9.8747
8.807,9.8697
8.817,9.8893
8.827,9.8724
8.837,9.8941
8.847,9.8958
8.857,9.8603
8.867,9.8769
8.877,9.8938
8.887,9.86
8.897,9.8721
8.907,9.8603
8.917,9.8694
8.927,9.879
8.937,9.872
8.947,9.8649
8.957,9.8598
8.967,9.8503
8.977,9.8816
8.987,9.8696
8.996,9.8887
9.006,9.8429
9.016,9.8914
9.026,9.8789
9.036,9.8842
9.046,9.8673
9.056,9.8862
9.066,9.8675
9.076,9.8793
9.086,9.8841
9.096,9.8792
9.106,9.8869
9.116,9.8699
9.126,9.8748
9.136,9.8821
9.146,9.8631
9.156,9.8844
9.166,9.8774
9.176,9.8753
9.186,9.8799
9.196,9.8631
9.206,9.8604
9.216,9.8866
9.226,9.8919
9.236,9.8678
9.246,9.8868
9.256,9.8821
9.266,9.8774
9.276,9.875
9.286,9.8868
9.296,9.8896
9.306,9.8654
9.316,9.8821
9.326,9.8938
9.336,9.8628
9.346,9.8799
9.356,9.8866
9.366,9.8988
9.376,9.8723
9.385,9.8555
9.395,9.8772
9.405,9.8458
9.415,9.8769
9.425,9.8552
9.435,9.8552
9.445,9.8503
9.455,9.8334
9.465,9.8524
9.475,9.8381
9.485,9.8548
9.495,9.845
9.505,9.8399
9.515,9.8113
9.525,9.8356
9.535,9.8305
9.545,9.8302
9.555,9.7893
9.565,9.8036
9.575,9.8104
9.585,9.8398
9.595,9.8688
9.605,9.9374
9.615,9.9289
9.625,9.9512
9.635,9.9187
9.645,9.9723
9.655,9.9567
9.665,10.007
9.675,9.9838
9.685,10.017
9.695,9.9781
9.705,9.9775
9.715,9.9115
9.725,9.8863
9.735,9.8637
9.745,9.8221
9.755,9.8163
9.765,9.8034
9.775,9.7742
9.784,9.7835
9.794,9.7525
9.804,9.7361
9.814,9.7819
9.824,9.763
9.834,9.8025
9.844,9.8317
9.854,9.876
9.864,9.9033
9.874,9.9064
9.884,9.9359
9.894,9.9315
9.904,9.9443
9.914,9.9832
9.924,9.9543
9.934,9.9666
9.944,9.9539
9.954,9.9485
9.964,9.936
9.974,9.9088
9.984,9.8937
9.994,9.9007
10.004,9.8684
10.014,9.8754
10.024,9.8248
10.034,9.8462
10.044,9.8413
10.054,9.8413
10.064,9.8462
10.074,9.851
10.084,9.8631
10.094,9.854
10.104,9.8543
10.114,9.8254
10.124,9.8717
10.134,9.8188
10.144,9.8883
10.154,9.8745
10.164,9.9133
10.174,9.9208
10.183,9.9332
10.193,9.9001
10.203,9.8904
10.213,9.842
10.223,9.895
10.233,9.9068
10.243,9.9187
10.253,9.9137
10.263,9.9057
10.273,9.8694
10.283,9.8597
10.293,9.8209
10.303,9.8447
10.313,9.8494
10.323,9.8712
10.333,9.8708
10.343,9.8567
10.353,9.8643
10.363,9.8738
10.373,9.8694
10.383,9.8675
10.393,9.8991
10.403,9.9085
10.413,9.928
10.423,9.9064
10.433,9.8944
10.443,9.9018
10.453,9.8657
10.463,9.8869
10.473,9.8721
10.483,9.8717
10.493,9.8477
10.503,9.8594
10.513,9.847
10.523,9.8444
10.533,9.8446
10.543,9.8302
10.553,9.8519
10.563,9.8546
10.573,9.8645
10.582,9.9051
10.592,9.9055
10.602,9.8745
10.612,9.8699
10.622,9.8723
10.632,9.8793
10.642,9.8672
10.652,9.8817
10.662,9.9125
10.672,9.8813
10.682,9.8714
10.692,9.8572
10.702,9.8375
10.712,9.8661
10.722,9.8375
10.732,9.8471
10.742,9.8808
10.752,9.881
10.762,9.8905
10.772,9.8694
10.782,9.8383
10.792,9.8721
10.802,9.8648
10.812,9.9034
10.822,9.9012
10.832,9.9083
10.842,9.9036
10.852,9.8792
10.862,9.872
10.872,9.8696
10.882,9.8645
10.892,9.8765
10.902,9.8741
10.912,9.8738
10.922,9.8691
10.932,9.8546
10.942,9.8521
10.952,9.8642
10.962,9.8693
10.971,9.8525
10.981,9.8889
10.991,9.8745
11.001,9.9082
11.011,9.9034
11.021,9.8916
11.031,9.8771
11.041,9.8868
11.051,9.8745
11.061,9.9127
11.071,9.9006
11.081,9.8977
11.091,9.8878
11.101,9.8708
11.111,9.8609
11.121,9.8537
11.131,9.8513
11.141,9.8724
11.151,9.8751
11.161,9.851
11.171,9.8681
11.181,9.873
11.191,9.8729
11.201,9.8706
11.211,9.8851
11.221,9.8853
11.231,9.8904
11.241,9.9025
11.251,9.8619
11.261,9.881
11.271,9.891
11.281,9.8881
11.291,9.8952
11.301,9.8883
11.311,9.8738
11.321,9.8832
11.331,9.8567
11.341,9.8661
11.35,9.8639
11.36,9.8519
11.37,9.8615
11.38,9.8664
11.39,9.864
11.4,9.8691
11.41,9.8573
11.42,9.8833
11.43,9.8814
11.44,9.8667
11.45,9.8817
11.46,9.8717
11.47,9.8859
11.48,9.8714
11.49,9.8857
11.5,9.8907
11.51,9.8953
11.52,9.8687
11.53,9.8444
11.54,9.8685
11.55,9.8636
11.56,9.8756
11.57,9.8637
11.58,9.8684
11.59,9.878
11.6,9.8874
11.61,9.8583
11.62,9.8492
11.63,9.8682
11.64,9.8736
11.65,9.8923
11.66,9.8827
11.67,9.8711
11.68,9.8804
11.69,9.8899
11.7,9.8657
11.71,9.8781
11.72,9.8998
11.73,9.9221
11.739,9.9462
11.749,9.9612
11.759,9.9694
11.769,10.016
11.779,10.029
11.789,10.101
11.799,10.149
11.809,10.234
11.819,10.33
11.829,10.329
11.839,10.346
11.849,10.376
11.859,10.139
11.869,10.322
11.879,10.118
11.889,10.26
11.899,10.383
11.909,10.572
11.919,10.688
11.929,10.476
11.939,10.611
11.949,10.126
11.959,10.098
11.969,9.7384
11.979,9.6865
11.989,9.2344
11.999,9.3162
12.009,9.1081
12.019,9.1199
12.029,8.8908
12.039,8.9722
12.049,8.8583
12.059,8.9057
12.069,8.8524
12.079,8.9214
12.089,9.0945
12.099,9.0035
12.109,9.4659
12.119,9.1626
12.128,9.9121
12.138,9.5317
12.148,9.9561
12.158,9.9027
12.168,9.8865
12.178,10.058
12.188,9.9705
12.198,10.022
12.208,10.21
12.218,9.9886
12.228,10.366
12.238,9.9372
12.248,10.606
12.258,10.029
12.268,10.667
12.278,10.116
12.288,10.45
12.298,10.054
12.308,10.436
12.318,10.134
12.328,10.304
12.338,10.105
12.348,10.118
12.358,9.9341
12.368,9.7899
12.378,9.7557
12.388,9.6968
12.398,9.5123
12.408,9.6588
12.418,9.2825
12.428,9.598
12.438,9.1542
12.448,9.6956
12.458,9.3505
12.468,9.6894
12.478,9.51
12.488,9.6762
12.498,9.7417
12.508,9.7112
12.517,10.1
12.527,9.6543
12.537,10.071
12.547,9.6914
12.557,10.078
12.567,9.8119
12.577,9.961
12.587,9.8137
12.597,9.992
12.607,9.7244
12.617,10.301
12.627,9.7358
12.637,10.655
12.647,10.016
12.657,10.807
12.667,10.064
12.677,10.821
12.687,10.303
12.697,10.75
12.707,10.742
12.717,10.853
12.727,10.757
12.737,10.599
12.747,10.632
12.757,10.412
12.767,10.673
12.777,9.9787
12.787,10.13
12.797,9.3933
12.807,9.7902
12.817,8.7361
12.827,9.1836
12.837,8.3739
12.847,9.2636
12.857,9.0306
12.867,9.5943
12.877,9.3719
12.887,9.6968
12.896,9.635
12.906,10.11
12.916,10.251
12.926,10.395
12.936,10.584
12.946,10.413
12.956,10.434
12.966,9.7708
12.976,9.9342
12.986,9.8974
12.996,10.001
13.006,10.504
13.016,10.781
13.026,11.124
13.036,11.17
13.046,11.43
13.056,10.634
13.066,11.075
13.076,10.976
13.086,11.353
13.096,11.657
13.106,11.378
13.116,10.45
13.126,10.122
13.136,9.5428
13.146,9.4748
13.156,9.0761
13.166,8.9646
13.176,7.9696
13.186,8.294
13.196,7.5479
13.206,8.335
13.216,8.2619
13.226,9.1897
13.236,9.2879
13.246,10.408
13.256,10.245
13.266,10.881
13.276,10.367
13.285,11.001
13.295,11.09
13.305,11.615
13.315,11.13
13.325,10.706
13.335,9.8093
13.345,9.6114
13.355,9.3051
13.365,9.3925
13.375,9.2232
13.385,8.2193
13.395,8.1326
13.405,7.9495
13.415,8.8765
13.425,8.7761
13.435,9.5096
13.445,9.1277
13.455,10.242
13.465,9.7393
13.475,10.297
13.485,9.9019
13.495,10.593
13.505,10.685
13.515,11.028
13.525,10.796
13.535,10.701
13.545,10.344
13.555,10.155
13.565,9.889
13.575,9.1601
13.585,9.2806
13.595,9.2728
13.605,9.4343
13.615,9.4286
13.625,9.3877
13.635,9.1154
13.645,9.7313
13.655,9.1663
13.665,9.3292
13.674,8.5453
13.684,9.1984
13.694,9.2395
13.704,9.8946
13.714,9.5536
13.724,10
13.734,9.7837
13.744,10.173
13.754,9.86
13.764,10.171
13.774,10.108
13.784,10.061
13.794,9.7277
13.804,9.6651
13.814,9.5901
13.824,9.8983
13.834,10.084
13.844,10.101
13.854,10.195
13.864,10.273
13.874,10.2
13.884,10.191
13.894,9.9465
13.904,9.7869
13.914,9.6435
13.924,9.8479
13.934,9.8893
13.944,10.423
13.954,10.482
13.964,10.648
13.974,10.562
13.984,10.446
13.994,10.124
14.004,9.6153
14.014,9.6925
14.024,9.3581
14.034,9.3588
14.044,9.4386
14.054,9.7152
14.064,9.6699
14.073,9.7438
14.083,9.5295
14.093,9.8633
14.103,9.6739
14.113,9.3067
14.123,9.1517
14.133,9.1497
14.143,9.3561
14.153,9.4111
14.163,9.8334
14.173,9.967
14.183,10.087
14.193,9.9753
14.203,10.129
14.213,9.9076
14.223,9.7789
14.233,9.4992
14.243,9.3214
14.253,9.2294
14.263,9.3017
14.273,9.5117
14.283,9.7417
14.293,9.8604
14.303,10.227
14.313,10.521
14.323,10.43
14.333,10.414
14.343,10.456
14.353,10.495
14.363,10.798
14.373,10.573
14.383,10.36
14.393,9.6144
14.403,9.4804
14.413,9.2921
14.423,9.3301
14.433,9.3241
14.443,9.5976
14.453,9.7142
14.463,9.9561
14.473,9.9784
14.482,9.8164
14.492,9.7323
14.502,9.8501
14.512,10.083
14.522,9.645
14.532,9.5564
14.542,9.4373
14.552,9.3695
14.562,9.506
14.572,9.5681
14.582,9.8696
14.592,10.082
14.602,10.249
14.612,10.304
14.622,10.326
14.632,10.099
14.642,10.32
14.652,10.364
14.662,10.296
14.672,9.9187
14.682,9.7768
14.692,9.5407
14.702,10.454
14.712,10.404
14.722,10.681
14.732,10.361
14.742,10.525
14.752,10.136
14.762,10.23
14.772,9.551
14.782,9.5561
14.792,9.2624
14.802,9.6176
14.812,9.3734
14.822,9.57
14.832,9.7256
14.842,9.8052
14.852,10.283
14.862,10.219
14.872,10.074
14.881,9.578
14.891,9.5442
14.901,9.2702
14.911,9.5304
14.921,9.7287
14.931,9.8145
14.941,9.9118
14.951,9.4976
14.961,9.3807
14.971,9.2184
14.981,9.2434
14.991,9.2244
15.001,9.0978
15.011,9.2469
15.021,9.0422
15.031,9.4467
15.041,9.3925
15.051,9.6663
15.061,9.9521
15.071,10.034
15.081,10.241
15.091,10.131
15.101,10.294
15.111,10.33
15.121,10.623
15.131,10.254
15.141,10.408
15.151,9.7284
15.161,9.8711
15.171,9.6103
15.181,9.4669
15.191,9.606
15.201,9.4859
15.211,9.8595
15.221,9.9119
15.231,10.314
15.241,10.576
15.251,10.719
15.261,10.707
15.27,11.033
15.28,10.264
15.29,10.572
15.3,10.122
15.31,10.327
15.32,9.9648
15.33,9.7546
15.34,9.1065
15.35,9.0839
15.36,8.6987
15.37,9.0925
15.38,9.2015
15.39,9.6479
15.4,9.3611
15.41,9.4587
15.42,9.1502
15.43,9.3909
15.44,9.2873
15.45,9.457
15.46,9.7491
15.47,9.7886
15.48,10.249
15.49,9.957
15.5,10.552
15.51,10.476
15.52,10.908
15.53,10.798
15.54,11.065
15.55,10.85
15.56,11.03
15.57,10.501
15.58,10.37
15.59,10.047
15.6,9.5141
15.61,8.8382
15.62,8.495
15.63,8.1257
15.64,8.6733
15.65,8.7798
15.66,9.7094
15.669,9.315
15.679,10.197
15.689,9.7401
15.699,10.559
15.709,10.292
15.719,11.117
15.729,10.651
15.739,11.279
15.749,10.284
15.759,10.804
15.769,9.8211
15.779,9.9703
15.789,9.0887
15.799,9.1575
15.809,9.0023
15.819,8.9643
15.829,9.0018
15.839,9.0577
15.849,9.1481
15.859,9.0286
15.869,9.2017
15.879,9.1069
15.889,9.4955
15.899,9.396
15.909,9.8974
15.919,10.185
15.929,10.377
15.939,10.444
15.949,10.231
15.959,10.837
15.969,10.491
15.979,11.216
15.989,10.6
15.999,11.021
16.009,10.485
16.019,10.872
16.029,10.411
16.038,10.404
16.048,9.922
16.058,9.9401
16.068,9.7289
16.078,9.3488
16.088,9.1839
16.098,8.9574
16.108,8.9933
16.118,9.472
16.128,9.4328
16.138,10.083
16.148,9.6895
16.158,10.124
16.168,9.9721
16.178,10.342
16.188,10.238
16.198,9.9633
16.208,10.061
16.218,9.1475
16.228,9.8751
16.238,8.8569
16.248,9.5986
16.258,8.751
16.268,9.3901
16.278,9.0958
16.288,9.4025
16.298,9.6331
16.308,9.7462
16.318,10.196
16.328,10.008
16.338,9.906
16.348,9.8807
16.358,10.094
16.368,10.025
16.378,10.395
16.388,10.197
16.398,11.075
16.408,10.334
16.418,11.231
16.427,10.425
16.437,10.592
16.447,9.8483
16.457,10.013
16.467,9.3045
16.477,9.3091
16.487,8.786
16.497,8.5653
16.507,8.7475
16.517,8.5954
16.527,8.9921
16.537,8.8801
16.547,9.2982
16.557,9.3186
16.567,9.7663
16.577,10.24
16.587,10.245
16.597,10.541
16.607,10.526
16.617,10.454
16.627,10.221
16.637,10.037
16.647,9.6862
16.657,10.044
16.667,9.7132
16.677,9.6486
16.687,9.3686
16.697,9.2925
16.707,9.0165
16.717,9.4482
16.727,9.0641
16.737,9.712
16.747,9.4566
16.757,10.268
16.767,10.143
16.777,10.866
16.787,10.631
16.797,11.346
16.806,11.302
16.816,11.579
16.826,11.645
16.836,10.987
16.846,11.132
16.856,10.436
16.866,10.138
16.876,9.3891
16.886,9.0318
16.896,8.3106
16.906,8.3282
16.916,8.2859
16.926,8.3824
16.936,8.4832
16.946,8.9475
16.956,9.1042
16.966,9.6594
16.976,9.9896
16.986,10.502
16.996,10.734
17.006,10.714
17.016,11.241
17.026,10.615
17.036,10.839
17.046,10.179
17.056,9.6853
17.066,9.365
17.076,9.0738
17.086,9.6289
17.096,9.334
17.106,9.3552
17.116,8.7071
17.126,9.246
17.136,8.961
17.146,9.4995
17.156,9.121
17.166,9.8679
17.176,9.6599
17.186,10.633
17.196,9.881
17.205,10.756
17.215,9.8943
17.225,11.116
17.235,10.26
17.245,11.166
17.255,10.18
17.265,10.963
17.275,10.444
17.285,10.886
17.295,10.193
17.305,10.146
17.315,9.6667
17.325,9.2328
17.335,8.8962
17.345,8.3164
17.355,8.5773
17.365,8.0229
17.375,8.6001
17.385,8.1522
17.395,8.746
17.405,8.8474
17.415,9.7259
17.425,9.6287
17.435,10.377
17.445,10.287
17.455,10.88
17.465,10.841
17.475,11.206
17.485,11.219
17.495,11.366
17.505,11.404
17.515,10.857
17.525,10.738
17.535,10.223
17.545,9.9627
17.555,9.5735
17.565,9.0813
17.575,8.9439
17.585,8.3784
17.594,8.5363
17.604,9.0738
17.614,9.3494
17.624,9.7117
17.634,10.163
17.644,10.586
17.654,10.814
17.664,11.085
17.674,10.818
17.684,11.683
17.694,10.62
17.704,11.955
17.714,9.979
17.724,11.055
17.734,8.7724
17.744,9.5515
17.754,8.2691
17.764,8.9779
17.774,8.3344
17.784,8.6797
17.794,8.2288
17.804,8.4908
17.814,8.5089
17.824,9.1583
17.834,9.1927
17.844,9.6434
17.854,9.5488
17.864,9.9943
17.874,9.988
17.884,10.207
17.894,10.407
17.904,10.49
17.914,10.408
17.924,10.829
17.934,10.032
17.944,10.826
17.953,9.6608
17.963,10.825
17.973,9.8329
17.983,10.488
17.993,9.5605
18.003,9.9461
18.013,9.4039
18.023,9.6603
18.033,9.3764
18.043,9.4484
18.053,9.0159
18.063,9.5314
18.073,9.1761
18.083,9.8292
18.093,9.2532
18.103,10.111
18.113,9.6284
18.123,10.453
18.133,9.7293
18.143,10.653
18.153,9.9089
18.163,10.737
18.173,10.09
18.183,10.333
18.193,9.7829
18.203,10.08
18.213,9.4747
18.223,10.361
18.233,9.2135
18.243,10.304
18.253,8.8448
18.263,9.9546
18.273,9.1011
18.283,9.856
18.293,9.7081
18.303,10.078
18.313,9.801
18.323,10.225
18.332,9.3162
18.342,10.267
18.352,9.2091
18.362,9.961
18.372,10.032
18.382,9.9491
18.392,10.521
18.402,10.422
18.412,10.97
18.422,11.176
18.432,10.69
18.442,11.073
18.452,10.167
18.462,10.529
18.472,9.7016
18.482,9.7325
18.492,9.0119
18.502,9.0478
18.512,8.8488
18.522,9.2635
18.532,8.8803
18.542,9.5566
18.552,9.6217
18.562,10.083
18.572,10.271
18.582,9.9375
18.592,10.198
18.602,10.009
18.612,10.344
18.622,10.375
18.632,10.013
18.642,9.7235
18.652,9.3422
18.662,9.1487
18.672,8.9631
18.682,8.5351
18.692,8.6638
18.701,8.3008
18.711,8.9084
18.721,8.7213
18.731,9.5671
18.741,9.4241
18.751,10.315
18.761,10.379
18.771,10.96
18.781,10.737
18.791,10.804
18.801,10.32
18.811,10.817
18.821,10.35
18.831,10.748
18.841,10.605
18.851,10.097
18.861,10.61
18.871,9.4985
18.881,9.9658
18.891,9.1297
18.901,9.7163
18.911,8.8503
18.921,9.6275
18.931,8.7087
18.941,9.5371
18.951,8.7361
18.961,9.5226
18.971,9.1912
18.981,9.9031
18.991,9.6738
19.001,10.165
19.011,9.8765
19.021,10.213
19.031,10.079
19.041,10.183
19.05,10.124
19.06,9.8931
19.07,10.203
19.08,9.7052
19.09,10.538
19.1,9.5341
19.11,10.631
19.12,9.585
19.13,10.888
19.14,9.5253
19.15,10.335
19.16,9.2852
19.17,9.9429
19.18,9.3088
19.19,9.6681
19.2,9.1448
19.21,9.3463
19.22,9.5585
19.23,9.3958
19.24,9.954
19.25,9.6374
19.26,10.09
19.27,10.076
19.28,10.374
19.29,10.329
19.3,10.765
19.31,10.208
19.32,10.568
19.33,9.9925
19.34,10.523
19.35,10.067
19.36,10.505
19.37,9.756
19.38,10.671
19.39,9.6489
19.4,10.492
19.41,9.3517
19.42,9.6042
19.429,8.9141
19.439,9.2319
19.449,9.1608
19.459,9.2888
19.469,8.9581
19.479,9.1051
19.489,9.3207
19.499,9.354
19.509,9.5542
19.519,9.2957
19.529,9.7084
19.539,9.7573
19.549,10.198
19.559,9.8164
19.569,10.299
19.579,10.02
19.589,10.475
19.599,10.368
19.609,10.229
19.619,10.28
19.629,10.206
19.639,10.336
19.649,10.225
19.659,10.096
19.669,9.9735
19.679,10.049
19.689,9.7453
19.699,9.3799
19.709,9.2192
19.719,8.7581
19.729,9.4076
19.739,8.9939
19.749,9.6724
19.759,9.216
19.769,9.6706
19.779,9.6865
19.789,9.9504
19.798,10.068
19.808,10.17
19.818,10.168
19.828,10.146
19.838,10.184
19.848,10.007
19.858,10.05
19.868,9.8973
19.878,9.7551
19.888,9.835
19.898,9.694
19.908,9.892
19.918,9.8224
19.928,10.099
19.938,9.8609
19.948,10.106
19.958,9.0939
19.968,9.7495
19.978,8.6532
19.988,9.8721
19.998,9.0824
20.008,10.133
20.018,9.4913
20.028,9.9217
20.038,9.8706
20.048,10.232
20.058,10.39
20.068,10.474
20.078,10.352
20.088,10.584
20.098,10.765
20.108,10.47
20.118,10.652
20.128,9.7374
20.138,10.155
20.148,9.6709
20.157,9.8962
20.167,9.1514
20.177,8.9614
20.187,8.9203
20.197,9.1249
20.207,9.2746
20.217,9.3591
20.227,9.3141
20.237,9.6353
20.247,9.8244
20.257,10.188
20.267,10.132
20.277,10.404
20.287,10.338
20.297,10.377
20.307,10.391
20.317,10.133
20.327,10.005
20.337,9.8998
20.347,9.9341
20.357,9.7411
20.367,9.6404
20.377,9.622
20.387,9.399
20.397,9.4934
20.407,9.403
20.417,9.169
20.427,9.575
20.437,9.3693
20.447,9.9784
20.457,9.5853
20.467,9.9113
20.477,9.6262
20.487,10.025
20.497,9.7691
20.507,9.9381
20.517,9.7814
20.526,9.9359
20.536,9.9247
20.546,9.8817
20.556,9.9199
20.566,9.7399
20.576,9.878
20.586,9.6901
20.596,10.051
20.606,9.7027
20.616,9.9955
20.626,9.6696
20.636,9.9854
20.646,9.8542
20.656,10.122
20.666,9.906
20.676,9.9615
20.686,9.7473
20.696,9.7971
20.706,9.6816
20.716,9.8101
20.726,9.8193
20.736,9.9025
20.746,9.875
20.756,9.9185
20.766,9.9203
20.776,9.8483
20.786,9.8744
20.796,9.7808
20.806,9.848
20.816,9.776
20.826,9.9098
20.836,9.9196
20.846,9.9842
20.856,9.9007
20.866,9.8316
20.876,9.782
20.886,9.782
20.895,9.8344
20.905,9.9085
20.915,9.9377
20.925,9.9089
20.935,9.8305
20.945,9.8121
20.955,9.7835
20.965,9.8287
20.975,9.8693
20.985,9.9004
20.995,9.9106
21.005,9.9227
21.015,9.9256
21.025,10.013
21.035,10.059
21.045,9.9836
21.055,9.9018
21.065,9.7413
21.075,9.7037
21.085,9.6612
21.095,9.8128
21.105,9.8217
21.115,9.9386
21.125,9.8639
21.135,9.8334
21.145,9.7796
21.155,9.7926
21.165,9.8486
21.175,9.8877
21.185,10.006
21.195,10.045
21.205,10.11
21.215,10.065
21.225,10.022
21.235,9.9573
21.244,9.9353
21.254,9.8696
21.264,9.8351
21.274,9.7462
21.284,9.6814
21.294,9.5681
21.304,9.5823
21.314,9.6398
21.324,9.7373
21.334,9.8474
21.344,9.8842
21.354,9.895
21.364,9.7762
21.374,9.7247
21.384,9.7423
21.394,9.8365
21.404,9.9826
21.414,10.04
21.424,10.031
21.434,9.9809
21.444,9.8801
21.454,9.8362
21.464,9.8519
21.474,9.8986
21.484,9.9166
21.494,9.9298
21.504,9.8688
21.514,9.8631
21.524,9.8119
21.534,9.7825
21.544,9.7654
21.554,9.7751
21.564,9.8088
21.574,9.8498
21.584,9.908
21.594,9.8899
21.603,9.8479
21.613,9.8158
21.623,9.7875
21.633,9.8365
21.643,9.913
21.653,9.9633
21.663,9.9829
21.673,9.9025
21.683,9.8479
21.693,9.7947
21.703,9.8118
21.713,9.8621
21.723,9.8185
21.733,9.7889
21.743,9.7067
21.753,9.716
21.763,9.6961
21.773,9.7028
21.783,9.676
21.793,9.6736
21.803,9.6905
21.813,9.6859
21.823,9.7003
21.833,9.6813
21.843,9.6789
21.853,9.6982
21.863,9.7395
21.873,9.8052
21.883,9.8414
21.893,9.9022
21.903,9.8229
21.913,9.8814
21.923,9.81
21.933,9.894
21.943,9.7858
21.953,9.9175
21.962,9.8122
21.972,9.9922
21.982,9.873
21.992,9.994
22.002,9.9663
22.012,9.8953
22.022,9.9806
22.032,9.8688
22.042,9.9718
22.052,9.8244
22.062,10.019
22.072,9.7944
22.082,10.041
22.092,9.9384
22.102,10.01
22.112,10.035
22.122,9.8268
22.132,9.976
22.142,9.7434
22.152,9.9886
22.162,9.7627
22.172,9.9955
22.182,9.7287
22.192,10.124
22.202,9.7362
22.212,10.174
22.222,9.7034
22.232,9.8765
22.242,9.6117
22.252,9.8019
22.262,9.7181
22.272,9.9727
22.282,9.8085
22.292,10.022
22.302,9.676
22.311,9.8636
22.321,9.7703
22.331,9.904
22.341,9.9401
22.351,9.9128
22.361,9.9892
22.371,9.9444
22.381,10.043
22.391,9.9266
22.401,10.017
22.411,9.7718
22.421,9.894
22.431,9.7687
22.441,9.9456
22.451,9.7961
22.461,9.8833
22.471,9.8209
22.481,9.7786
22.491,9.826
22.501,9.8196
22.511,9.9607
22.521,9.9266
22.531,9.9245
22.541,9.8842
22.551,9.7865
22.561,9.832
22.571,9.8588
22.581,9.8901
22.591,9.9143
22.601,10.005
22.611,9.8678
22.621,10.061
22.631,9.8619
22.641,9.9435
22.651,9.7926
22.661,9.7919
22.67,9.8389
22.68,9.7591
22.69,9.9345
22.7,9.8627
22.71,9.8744
22.72,9.8877
22.73,9.9333
22.74,9.9232
22.75,9.9516
22.76,9.767
22.77,9.856
22.78,9.6239
22.79,9.798
22.8,9.6792
22.81,9.913
22.82,9.8616
22.83,10.056
22.84,10.007
22.85,10.047
22.86,9.8941
22.87,9.856
22.88,9.7624
22.89,9.7314
22.9,9.8592
22.91,9.8283
22.92,9.9624
22.93,9.8401
22.94,9.9597
22.95,9.8247
22.96,9.9613
22.97,9.8462
22.98,9.9688
22.99,9.8657
23,9.9071
23.01,9.8869
23.019,9.8694
23.029,9.904
23.039,9.9031
23.049,9.9506
23.059,9.9759
23.069,9.9925
23.079,10.021
23.089,9.8434
23.099,9.9149
23.109,9.7067
23.119,9.8937
23.129,9.7142
23.139,9.9154
23.149,9.7549
23.159,9.8799
23.169,9.7962
23.179,9.8567
23.189,9.8407
23.199,9.7953
23.209,9.8392
23.219,9.7986
23.229,9.8257
23.239,9.8651
23.249,9.8823
23.259,9.9305
23.269,9.9482
23.279,9.9533
23.289,9.8651
23.299,9.8537
23.309,9.8618
23.319,9.8859
23.329,9.8839
23.339,9.8917
23.349,9.9112
23.359,9.9016
23.369,9.9175
23.379,9.7992
23.388,9.8459
23.398,9.7262
23.408,9.786
23.418,9.7896
23.428,9.7757
23.438,9.8706
23.448,9.6434
23.458,9.866
23.468,9.6162
23.478,9.9428
23.488,9.7959
23.498,9.9869
23.508,9.7747
23.518,10.027
23.528,9.886
23.538,10.113
23.548,9.9196
23.558,10.088
23.568,10.024
23.578,10.047
23.588,9.8714
23.598,9.7869
23.608,9.6663
23.618,9.6235
23.628,9.6211
23.638,9.8209
23.648,9.7097
23.658,10.025
23.668,9.8697
23.678,9.8323
23.688,10.036
23.698,9.5645
23.708,10.301
23.718,9.5735
23.728,10.348
23.738,9.6753
23.747,9.9901
23.757,9.9494
23.767,9.6379
23.777,10.175
23.787,9.6882
23.797,10.33
23.807,9.5313
23.817,10.201
23.827,9.4783
23.837,10.008
23.847,9.7085
23.857,9.8654
23.867,9.9327
23.877,9.876
23.887,10.072
23.897,9.819
23.907,10.083
23.917,9.7118
23.927,9.9754
23.937,9.7739
23.947,10.002
23.957,9.8706
23.967,9.803
23.977,9.8031
23.987,9.695
23.997,9.8185
24.007,9.8021
24.017,9.8911
24.027,9.7991
24.037,9.9151
24.047,9.6949
24.057,10.107
24.067,9.6781
24.077,10.201
24.087,9.4802
24.097,10.141
24.107,9.5831
24.116,10.078
24.126,9.8575
24.136,9.8923
24.146,10.118
24.156,9.7304
24.166,10.173
24.176,9.5141
24.186,10.005
24.196,9.3093
24.206,9.7973
24.216,9.5916
24.226,9.7061
24.236,10.075
24.246,9.469
24.256,10.216
24.266,9.3575
24.276,10.308
24.286,9.5748
24.296,10.364
24.306,9.8082
24.316,10.284
24.326,9.4859
24.336,10.369
24.346,9.14
24.356,10.259
24.366,9.2762
24.376,10.057
24.386,9.4873
24.396,10.102
24.406,9.6034
24.416,10.099
24.426,9.8579
24.436,9.8727
24.446,10.174
24.456,9.8462
24.466,10.196
24.476,9.6986
24.486,10.265
24.495,9.8545
24.505,10.121
24.515,10.052
24.525,9.8194
24.535,9.9645
24.545,9.6549
24.555,9.8408
24.565,9.6858
24.575,9.7858
24.585,9.6464
24.595,9.7826
24.605,9.6715
24.615,9.7865
24.625,9.8148
24.635,9.5371
24.645,9.9705
24.655,9.2419
24.665,10.144
24.675,9.4039
24.685,10.218
24.695,9.7247
24.705,10.132
24.715,10.165
24.725,9.8353
24.735,10.589
24.745,9.5048
24.755,10.528
24.765,9.4552
24.775,10.338
24.785,9.5919
24.795,10.008
24.805,9.835
24.815,9.6891
24.825,9.6417
24.835,9.5454
24.845,9.4487
24.854,9.7804
24.864,9.525
24.874,9.8408
24.884,9.8313
24.894,9.8432
24.904,9.979
24.914,9.7832
24.924,10.048
24.934,9.7356
24.944,10.057
24.954,9.7805
24.964,10.22
24.974,9.8233
24.984,10.294
24.994,9.7513
25.004,10.041
25.014,9.5747
25.024,9.8292
25.034,9.5721
25.044,9.8784
25.054,9.548
25.064,10.083
25.074,9.4024
25.084,10.288
25.094,9.2912
25.104,10.321
25.114,9.3087
25.124,10.188
25.134,9.5944
25.144,10.072
25.154,9.6181
25.164,10.438
25.174,9.3304
25.184,10.641
25.194,9.2168
25.204,10.608
25.214,9.0497
25.223,10.427
25.233,9.1418
25.243,10.345
25.253,9.4527
25.263,10.155
25.273,9.681
25.283,9.7778
25.293,9.925
25.303,9.6018
25.313,10.26
25.323,9.6688
25.333,10.606
25.343,9.5299
25.353,10.572
25.363,9.3563
25.373,10.569
25.383,9.3942
25.393,10.397
25.403,9.51
25.413,10.142
25.423,9.698
25.433,9.9033
25.443,9.6642
25.453,9.7778
25.463,9.7393
25.473,9.6006
25.483,9.9024
25.493,9.7
25.503,9.8384
25.513,9.6016
25.523,9.8236
25.533,9.7194
25.543,9.5988
25.553,10.126
25.563,9.694
25.573,10.01
25.583,9.9555
25.593,9.8332
25.602,9.8738
25.612,9.9561
25.622,9.7895
25.632,10.247
25.642,9.8961
25.652,10.336
25.662,9.7961
25.672,10.098
25.682,9.989
25.692,9.8048
25.702,10.222
25.712,9.5898
25.722,10.274
25.732,9.6081
25.742,10.145
25.752,9.8211
25.762,10.021
25.772,9.9461
25.782,9.8992
25.792,9.9715
25.802,9.6144
25.812,9.9226
25.822,9.5837
25.832,10.054
25.842,9.6859
25.852,10.084
25.862,9.8495
25.872,10.01
25.882,9.7179
25.892,9.9542
25.902,9.748
25.912,9.7383
25.922,9.786
25.932,9.7094
25.942,9.6724
25.952,9.8435
25.962,9.6329
25.971,9.9821
25.981,9.706
25.991,10.027
26.001,9.8558
26.011,9.9079
26.021,9.7844
26.031,9.6811
26.041,9.7655
26.051,9.7884
26.061,9.62
26.071,10.157
26.081,9.7437
26.091,10.365
26.101,9.7639
26.111,10.192
26.121,9.6473
26.131,9.928
26.141,9.9383
26.151,9.7856
26.161,10.24
26.171,9.9076
26.181,10.369
26.191,9.7712
26.201,10.49
26.211,9.5124
26.221,10.309
26.231,9.5626
26.241,10.012
26.251,9.9071
26.261,9.6033
26.271,10.21
26.281,9.3377
26.291,10.468
26.301,9.277
26.311,10.25
26.32,9.3274
26.33,9.9997
26.34,9.4656
26.35,9.732
26.36,9.5168
26.37,9.5316
26.38,9.8708
26.39,9.5278
26.4,9.9236
26.41,9.7224
26.42,10.058
26.43,9.7673
26.44,10.107
26.45,9.7648
26.46,10.179
26.47,9.829
26.48,10.251
26.49,9.8286
26.5,10.257
26.51,9.8325
26.52,10.251
26.53,9.9299
26.54,10.292
26.55,9.8807
26.56,10.278
26.57,9.8952
26.58,10.05
26.59,10.053
26.6,9.8146
26.61,10.023
26.62,9.7865
26.63,10.105
26.64,9.7805
26.65,10.253
26.66,9.7983
26.67,9.8977
26.679,9.678
26.689,9.131
26.699,9.4713
26.709,8.6839
26.719,9.5754
26.729,9.3949
26.739,10.242
26.749,10.346
26.759,10.401
26.769,10.658
26.779,9.6899
26.789,10.179
26.799,9.0286
26.809,9.7265
26.819,9.1315
26.829,9.8889
26.839,9.6169
26.849,10.121
26.859,9.9085
26.869,9.7742
26.879,9.8366
26.889,9.2642
26.899,9.9188
26.909,9.1122
26.919,10.226
26.929,9.2817
26.939,10.773
26.949,9.2404
26.959,10.984
26.969,9.2689
26.979,10.649
26.989,9.7513
26.999,10.169
27.009,10.233
27.019,9.9693
27.029,10.234
27.039,9.5971
27.048,10.06
27.058,9.4705
27.068,10.019
27.078,9.8868
27.088,9.8477
27.098,10.542
27.108,9.3358
27.118,10.908
27.128,8.8387
27.138,10.752
27.148,8.7665
27.158,10.517
27.168,9.1825
27.178,10.252
27.188,9.6317
27.198,9.935
27.208,9.7946
27.218,9.6817
27.228,9.788
27.238,9.5476
27.248,9.7721
27.258,9.548
27.268,10.08
27.278,9.388
27.288,10.419
27.298,9.2291
27.308,10.459
27.318,9.0149
27.328,10.564
27.338,9.1357
27.348,10.619
27.358,9.3461
27.368,10.681
27.378,9.5561
27.388,10.611
27.398,9.8374
27.407,10.435
27.417,9.9922
27.427,10.211
27.437,10.257
27.447,9.853
27.457,10.052
27.467,9.4139
27.477,9.9762
27.487,9.496
27.497,10.045
27.507,9.6518
27.517,9.9286
27.527,9.7708
27.537,9.7167
27.547,9.6206
27.557,9.6338
27.567,9.2958
27.577,10.043
27.587,9.3984
27.597,10.56
27.607,9.5199
27.617,10.799
27.627,9.2469
27.637,10.433
27.647,9.0987
27.657,10.107
27.667,9.3898
27.677,10.175
27.687,9.7726
27.697,10.095
27.707,9.75
27.717,10.038
27.727,9.7847
27.737,9.9914
27.747,9.7729
27.757,10.064
27.767,9.7718
27.776,10.12
27.786,10.108
27.796,9.9318
27.806,10.333
27.816,9.7138
27.826,10.178
27.836,9.7193
27.846,9.7805
27.856,9.6495
27.866,9.6175
27.876,9.7545
27.886,9.6709
27.896,9.7896
27.906,9.6832
27.916,9.8525
27.926,9.5744
27.936,9.8643
27.946,9.6108
27.956,9.8854
27.966,9.794
27.976,9.8244
27.986,9.9473
27.996,9.5814
28.006,10.154
28.016,9.6343
28.026,10.117
28.036,9.7705
28.046,10.115
28.056,9.826
28.066,10.036
28.076,9.8673
28.086,10.314
28.096,9.7579
28.106,10.395
28.116,9.5753
28.126,10.425
28.136,9.7393
28.145,10.215
28.155,10.006
28.165,9.8416
28.175,9.9172
28.185,9.5549
28.195,10.086
28.205,9.4442
28.215,10.177
28.225,9.4304
28.235,9.9881
28.245,9.3481
28.255,9.7664
28.265,9.3981
28.275,9.7997
28.285,9.3894
28.295,9.8087
28.305,9.5489
28.315,9.6268
28.325,9.7965
28.335,9.6269
28.345,10.287
28.355,9.8646
28.365,10.463
28.375,10.062
28.385,10.083
28.395,10.089
28.405,9.5301
28.415,10.031
28.425,9.4108
28.435,10.026
28.445,9.4623
28.455,9.8598
28.465,9.6388
28.475,9.8539
28.485,9.7682
28.494,9.9341
28.504,9.9333
28.514,10.202
28.524,9.9296
28.534,10.475
28.544,9.5712
28.554,10.702
28.564,9.4253
28.574,10.679
28.584,9.7358
28.594,10.241
28.604,9.8911
28.614,9.6269
28.624,10.161
28.634,9.3129
28.644,10.333
28.654,9.1674
28.664,10.305
28.674,9.1452
28.684,10.517
28.694,9.0683
28.704,10.482
28.714,9.0666
28.724,10.194
28.734,9.1779
28.744,10.037
28.754,9.5686
28.764,9.6982
28.774,10.098
28.784,9.4632
28.794,10.178
28.804,9.3415
28.814,10.161
28.824,9.2329
28.834,10.305
28.844,9.3551
28.853,10.423
28.863,9.5115
28.873,10.593
28.883,9.3467
28.893,10.553
28.903,9.1509
28.913,10.37
28.923,9.3261
28.933,10.08
28.943,9.6486
28.953,9.9672
28.963,10.083
28.973,9.7223
28.983,10.439
28.993,9.5168
29.003,10.421
29.013,9.4632
29.023,10.252
29.033,9.7404
29.043,10.049
29.053,10.048
29.063,9.8718
29.073,10.448
29.083,9.7522
29.093,10.545
29.103,9.7079
29.113,10.313
29.123,9.4543
29.133,10.242
29.143,9.5569
29.153,10.104
29.163,9.8284
29.173,9.7657
29.183,9.8715
29.193,9.6632
29.203,9.6967
29.213,9.6986
29.222,9.5412
29.232,9.7124
29.242,9.7637
29.252,9.4919
29.262,10.013
29.272,9.1717
29.282,10.215
29.292,8.7951
29.302,10.47
29.312,8.9458
29.322,10.549
29.332,9.4844
29.342,10.528
29.352,9.6377
29.362,10.291
29.372,9.6174
29.382,9.9483
29.392,9.6531
29.402,9.7052
29.412,10.158
29.422,9.5552
29.432,10.489
29.442,9.5671
29.452,10.629
29.462,9.3762
29.472,10.818
29.482,9.2346
29.492,11.043
29.502,9.2695
29.512,11.097
29.522,9.3087
29.532,10.928
29.542,9.1566
29.552,10.806
29.562,9.1437
29.571,10.63
29.581,9.4374
29.591,10.38
29.601,9.8639
29.611,9.8486
29.621,10.034
29.631,9.2639
29.641,10.11
29.651,8.8029
29.661,10.307
29.671,8.5829
29.681,10.301
29.691,8.6328
29.701,10.355
29.711,8.8474
29.721,10.276
29.731,9.0533
29.741,10.075
29.751,9.4759
29.761,9.734
29.771,9.8215
29.781,9.5783
29.791,10.265
29.801,9.5277
29.811,10.482
29.821,9.3591
29.831,10.576
29.841,9.3364
29.851,10.511
29.861,9.6022
29.871,10.445
29.881,9.9272
29.891,10.41
29.901,10.077
29.911,10.563
29.921,9.9042
29.93,10.596
29.94,9.548
29.95,10.644
29.96,9.5409
29.97,10.673
29.98,9.6714
29.99,10.509
30,9.6347
30.01,10.244
30.02,9.5584
30.03,9.7307
30.04,9.6923
30.05,9.39
30.06,10.13
30.07,9.213
30.08,10.228
30.09,9.3235
30.1,10.144
30.11,9.1686
30.12,10.029
30.13,9.0418
30.14,9.6856
30.15,8.942
30.16,9.5439
30.17,9.0451
30.18,9.6861
30.19,9.5329
30.2,9.6176
30.21,9.8908
30.22,9.4599
30.23,10.128
30.24,9.4153
30.25,10.262
30.26,9.5314
30.27,10.287
30.28,10.022
30.289,10.474
30.299,10.263
30.309,10.38
30.319,10.372
30.329,10.23
30.339,10.285
30.349,10.317
30.359,10.355
30.369,10.351
30.379,10.687
30.389,10.27
30.399,10.565
30.409,10.172
30.419,9.6626
30.429,9.9829
30.439,8.6525
30.449,9.6432
30.459,8.6537
30.469,9.457
30.479,8.8309
30.489,9.4554
30.499,9.2499
30.509,9.1985
30.519,9.5825
30.529,8.8644
30.539,10.076
30.549,8.9783
30.559,10.469
30.569,9.5239
30.579,10.717
30.589,9.7411
30.599,10.387
30.609,9.8124
30.619,9.8378
30.629,10.032
30.638,9.7768
30.648,10.328
30.658,10.094
30.668,10.369
30.678,10.131
30.688,9.8694
30.698,9.9519
30.708,9.7636
30.718,9.9589
30.728,10.242
30.738,10.022
30.748,10.587
30.758,10.007
30.768,10.485
30.778,9.8892
30.788,10.071
30.798,9.867
30.808,9.5442
30.818,10.189
30.828,9.4569
30.838,10.326
30.848,9.4192
30.858,10.209
30.868,8.9696
30.878,9.8839
30.888,9.2659
30.898,9.4136
30.908,9.782
30.918,9.2156
30.928,9.9139
30.938,8.9789
30.948,9.7923
30.958,8.7948
30.968,9.3277
30.978,9.3295
30.987,9.3603
30.997,9.769
31.007,9.806
31.017,9.9054
31.027,10.33
31.037,9.8554
31.047,10.535
31.057,9.9462
31.067,10.672
31.077,10.242
31.087,10.576
31.097,10.338
31.107,10.56
31.117,10.259
31.127,10.182
31.137,10.169
31.147,9.9534
31.157,10.062
31.167,9.8395
31.177,9.9703
31.187,9.9922
31.197,9.4713
31.207,10.27
31.217,8.8436
31.227,10.147
31.237,8.5356
31.247,9.9389
31.257,8.6725
31.267,9.9143
31.277,8.9628
31.287,9.8958
31.297,9.0137
31.307,10.007
31.317,9.4037
31.327,9.9877
31.337,9.9666
31.346,9.4043
31.356,10.161
31.366,8.9093
31.376,10.21
31.386,9.0571
31.396,10.456
31.406,9.3623
31.416,10.675
31.426,9.5662
31.436,10.385
31.446,9.6033
31.456,10.055
31.466,9.725
31.476,10.133
31.486,10.165
31.496,10.241
31.506,10.585
31.516,10.346
31.526,10.74
31.536,10.341
31.546,10.373
31.556,10.138
31.566,9.9896
31.576,10.018
31.586,9.7756
31.596,10.233
31.606,9.8531
31.616,10.38
31.626,10
31.636,10.249
31.646,9.7988
31.656,9.9082
31.666,9.7516
31.676,9.3939
31.686,9.866
31.695,9.219
31.705,10.013
31.715,9.1125
31.725,10.029
31.735,8.975
31.745,9.9714
31.755,8.972
31.765,9.8099
31.775,9.0035
31.785,9.831
31.795,9.1053
31.805,9.9001
31.815,9.08
31.825,10.021
31.835,9.1621
31.845,10.007
31.855,9.576
31.865,9.9387
31.875,10.128
31.885,9.7052
31.895,10.38
31.905,9.6202
31.915,10.457
31.925,9.8827
31.935,10.226
31.945,9.9934
31.955,9.9525
31.965,9.9679
31.975,9.8456
31.985,9.9393
31.995,10.167
32.005,9.9197
32.015,10.437
32.025,9.7808
32.035,10.604
32.044,9.3118
32.054,10.529
32.064,8.9303
32.074,10.228
32.084,8.8846
32.094,10.302
32.104,9.2704
32.114,10.398
32.124,9.7923
32.134,10.223
32.144,9.9036
32.154,9.9868
32.164,9.9283
32.174,9.5708
32.184,9.8968
32.194,9.3856
32.204,9.8598
32.214,9.3108
32.224,10.075
32.234,9.4069
32.244,10.223
32.254,9.6281
32.264,10.195
32.274,9.8827
32.284,9.982
32.294,10.182
32.304,9.8244
32.314,10.603
32.324,9.488
32.334,10.615
32.344,9.043
32.354,10.461
32.364,8.8286
32.374,10.399
32.384,9.1451
32.394,10.247
32.403,9.2955
32.413,9.9733
32.423,9.2788
32.433,9.9375
32.443,9.2195
32.453,10.03
32.463,9.2588
32.473,10.017
32.483,9.0888
32.493,10.118
32.503,9.127
32.513,9.9494
32.523,9.6438
32.533,9.8643
32.543,9.9998
32.553,9.6395
32.563,10.159
32.573,9.1954
32.583,10.269
32.593,9.2829
32.603,10.506
32.613,9.6917
32.623,10.622
32.633,9.8747
32.643,10.337
32.653,9.9113
32.663,9.6935
32.673,9.9926
32.683,9.375
32.693,10.309
32.703,9.3472
32.713,10.842
32.723,9.3991
32.733,10.969
32.742,9.4994
32.752,10.667
32.762,9.5439
32.772,10.434
32.782,9.8768
32.792,10.313
32.802,10.024
32.812,10.242
32.822,10.037
32.832,10.505
32.842,9.8572
32.852,10.859
32.862,9.7127
32.872,10.864
32.882,9.4784
32.892,10.867
32.902,9.4995
32.912,11.122
32.922,9.9688
32.932,10.745
32.942,9.8928
32.952,9.7518
32.962,9.6343
32.972,9.3337
32.982,9.6477
32.992,9.4253
33.002,9.5656
33.012,9.4362
33.022,9.362
33.032,9.2508
33.042,9.2659
33.052,9.3772
33.062,9.7777
33.072,9.753
33.082,10.174
33.092,9.7136
33.102,9.838
33.111,9.6043
33.121,9.7564
33.131,9.7605
33.141,9.8624
33.151,9.8124
33.161,9.7272
33.171,9.7266
33.181,9.5284
33.191,9.5744
33.201,9.8003
33.211,9.5858
33.221,10.305
33.231,9.6021
33.241,10.673
33.251,9.3636
33.261,10.588
33.271,9.504
33.281,10.64
33.291,9.4332
33.301,10.326
33.311,9.1892
33.321,9.7576
33.331,8.936
33.341,9.6061
33.351,8.8339
33.361,9.7269
33.371,8.7815
33.381,9.4181
33.391,8.7414
33.401,8.7971
33.411,8.8533
33.421,8.6189
33.431,8.8361
33.441,8.5258
33.451,9.2434
33.461,9.4214
33.47,10.437
33.48,10.722
33.49,11.317
33.5,10.894
33.51,10.566
33.52,10.092
33.53,9.418
33.54,9.3406
33.55,9.1101
33.56,9.3925
33.57,10.208
33.58,10.769
33.59,11.66
33.6,11.393
33.61,11.875
33.62,10.968
33.63,11.152
33.64,10.002
33.65,10.307
33.66,9.3734
33.67,10.19
33.68,10.104
33.69,10.604
33.7,10.425
33.71,9.9863
33.72,10.104
33.73,9.1752
33.74,9.8283
33.75,9.0669
33.76,9.5838
33.77,8.9229
33.78,9.3029
33.79,8.7574
33.8,9.1803
33.809,9.1964
33.819,9.4551
33.829,9.6016
33.839,9.6435
33.849,10.002
33.859,9.7166
33.869,10.037
33.879,9.8726
33.889,9.5699
33.899,10.042
33.909,9.6045
33.919,10.328
33.929,9.7301
33.939,10.457
33.949,9.6416
33.959,10.369
33.969,9.7211
33.979,10.194
33.989,9.9919
33.999,10.318
34.009,10.262
34.019,10.581
34.029,10.513
34.039,10.574
34.049,10.161
34.059,10.371
34.069,9.6277
34.079,10.296
34.089,9.4561
34.099,9.9844
34.109,9.6566
34.119,9.7112
34.129,9.4617
34.139,9.6907
34.149,9.3103
34.159,10.008
34.169,9.1494
34.178,10.314
34.188,8.8402
34.198,10.174
34.208,8.7438
34.218,9.9794
34.228,8.9379
34.238,10.023
34.248,9.1214
34.258,10.079
34.268,9.4714
34.278,10.061
34.288,9.6852
34.298,9.8513
34.308,9.67
34.318,9.6132
34.328,9.7414
34.338,9.5602
34.348,10.317
34.358,9.6793
34.368,10.808
34.378,9.8084
34.388,10.787
34.398,10.08
34.408,10.592
34.418,10.356
34.428,10.367
34.438,10.554
34.448,10.208
34.458,10.581
34.468,9.9226
34.478,10.395
34.488,9.8173
34.498,10.082
34.508,9.8982
34.518,10.012
34.528,9.7718
34.537,9.9212
34.547,9.3737
34.557,9.8573
34.567,9.1845
34.577,9.7479
34.587,9.2002
34.597,9.504
34.607,9.0593
34.617,9.4425
34.627,9.058
34.637,9.568
34.647,9.3362
34.657,9.8447
34.667,9.4991
34.677,9.9298
34.687,9.3755
34.697,10.113
34.707,9.4457
34.717,10.267
34.727,9.6765
34.737,10.397
34.747,9.9874
34.757,10.449
34.767,10.169
34.777,10.299
34.787,10.174
34.797,10.056
34.807,10.307
34.817,10.138
34.827,10.281
34.837,10.053
34.847,10.101
34.857,10.085
34.867,10.205
34.877,10.32
34.887,10.262
34.896,10.352
34.906,9.9663
34.916,10.061
34.926,9.4698
34.936,9.7834
34.946,9.2915
34.956,9.8537
34.966,9.1481
34.976,9.975
34.986,8.7584
34.996,10.057
35.006,8.2212
35.016,9.9392
35.026,8.2387
35.036,9.8589
35.046,8.6222
35.056,10.107
35.066,9.2222
35.076,10.486
35.086,9.5931
35.096,10.368
35.106,9.6905
35.116,10.238
35.126,9.7946
35.136,10.166
35.146,9.9826
35.156,10.23
35.166,10.049
35.176,10.2
35.186,10.078
35.196,10.135
35.206,10.195
35.216,10.055
35.226,10.123
35.236,9.9488
35.246,10.178
35.256,9.9676
35.266,10.451
35.275,9.9829
35.285,10.533
35.295,9.945
35.305,10.431
35.315,9.8446
35.325,10.223
35.335,9.6706
35.345,9.8902
35.355,9.5552
35.365,9.403
35.375,9.6504
35.385,9.1201
35.395,9.6112
35.405,9.2147
35.415,9.6159
35.425,9.3838
35.435,9.7236
35.445,9.4966
35.455,9.9402
35.465,9.731
35.475,9.9471
35.485,9.5762
35.495,9.6052
35.505,9.5841
35.515,9.3756
35.525,9.6792
35.535,9.3276
35.545,9.8765
35.555,9.6383
35.565,10.317
35.575,10.151
35.585,10.315
35.595,10.249
35.605,10.322
35.615,10.193
35.624,10.551
35.634,10.287
35.644,10.549
35.654,10.19
35.664,10.285
35.674,10.312
35.684,10.155
35.694,10.326
35.704,9.886
35.714,10.044
35.724,9.9365
35.734,9.745
35.744,9.8759
35.754,9.5084
35.764,9.8811
35.774,9.3434
35.784,9.7528
35.794,9.4283
35.804,9.5313
35.814,9.5407
35.824,9.3972
35.834,9.754
35.844,9.334
35.854,9.7254
35.864,9.4021
35.874,9.4714
35.884,9.5645
35.894,9.1895
35.904,9.8699
35.914,9.3006
35.924,10.227
35.934,9.447
35.944,10.31
35.954,9.5268
35.963,10.114
35.973,9.7471
35.983,9.9783
35.993,9.9518
36.003,10.257
36.013,10.179
36.023,10.476
36.033,10.154
36.043,10.524
36.053,10.063
36.063,10.493
36.073,9.8191
36.083,10.262
36.093,9.6507
36.103,10.045
36.113,9.8613
36.123,10.032
36.133,10.015
36.143,10.013
36.153,10.121
36.163,9.9726
36.173,9.9473
36.183,9.9645
36.193,9.9494
36.203,10.124
36.213,9.9579
36.223,10.164
36.233,9.6913
36.243,10.079
36.253,9.4745
36.263,9.8408
36.273,9.4988
36.283,9.3602
36.293,9.5684
36.303,9.1717
36.312,10.035
36.322,9.2303
36.332,10.172
36.342,9.3497
36.352,10.115
36.362,9.3669
36.372,10.043
36.382,9.3118
36.392,9.8887
36.402,9.4401
36.412,10.08
36.422,9.7744
36.432,10.306
36.442,9.8941
36.452,10.364
36.462,9.8557
36.472,10.264
36.482,9.8621
36.492,10.203
36.502,9.9509
36.512,10.298
36.522,10.094
36.532,10.4
36.542,10.089
36.552,10.25
36.562,9.8857
36.572,10.154
36.582,9.7605
36.592,10.185
36.602,9.7346
36.612,10.291
36.622,9.957
36.632,10.208
36.642,10.034
36.652,9.6958
36.661,9.991
36.671,9.4166
36.681,9.9122
36.691,9.3307
36.701,9.6498
36.711,9.1909
36.721,9.659
36.731,9.2716
36.741,9.6281
36.751,9.2258
36.761,9.4906
36.771,9.183
36.781,9.4701
36.791,9.3615
36.801,9.6554
36.811,9.5364
36.821,9.9606
36.831,9.8232
36.841,10.136
36.851,9.967
36.861,10.126
36.871,10.052
36.881,10.03
36.891,10.287
36.901,9.9941
36.911,10.395
36.921,10.023
36.931,10.473
36.941,9.9434
36.951,10.506
36.961,9.8926
36.971,10.494
36.981,9.7482
36.991,10.462
37,9.7688
37.01,10.428
37.02,9.6391
37.03,10.093
37.04,9.5681
37.05,9.9527
37.06,9.7169
37.07,10.055
37.08,9.5687
37.09,9.7654
37.1,9.4013
37.11,9.6409
37.12,9.3964
37.13,9.7175
37.14,9.3906
37.15,9.8057
37.16,9.526
37.17,9.9555
37.18,9.5695
37.19,9.9594
37.2,9.5111
37.21,10.015
37.22,9.5632
37.23,10.097
37.24,9.626
37.25,10.106
37.26,9.638
37.27,10.075
37.28,9.7146
37.29,10.027
37.3,9.7316
37.31,10.039
37.32,9.8603
37.33,10.233
37.34,10.052
37.349,10.232
37.359,10.116
37.369,10.12
37.379,10.273
37.389,10.222
37.399,10.316
37.409,10.065
37.419,10.005
37.429,9.7347
37.439,9.7813
37.449,9.4253
37.459,9.789
37.469,9.4825
37.479,9.9492
37.489,9.6784
37.499,9.9555
37.509,9.5971
37.519,9.7393
37.529,9.4
37.539,9.7637
37.549,9.5459
37.559,9.7914
37.569,9.7148
37.579,9.8705
37.589,9.734
37.599,9.7088
37.609,9.6075
37.619,9.6274
37.629,9.7432
37.639,9.6931
37.649,9.8705
37.659,9.9185
37.669,9.9389
37.679,10.111
37.689,10.102
37.699,10.328
37.708,10.186
37.718,10.266
37.728,10.136
37.738,10.098
37.748,10.111
37.758,10.046
37.768,10.076
37.778,9.7995
37.788,9.8612
37.798,9.5927
37.808,9.9524
37.818,9.8669
37.828,10.253
37.838,9.9598
37.848,10.188
37.858,9.9244
37.868,10.019
37.878,9.8862
37.888,9.8925
37.898,9.7329
37.908,9.6226
37.918,9.5539
37.928,9.6732
37.938,9.5534
37.948,9.5498
37.958,9.4793
37.968,9.4986
37.978,9.5253
37.988,9.8205
37.998,9.6922
38.008,9.8447
38.018,9.7799
38.028,9.8241
38.038,9.6623
38.048,9.9726
38.058,9.7033
38.067,9.9877
38.077,9.7519
38.087,9.9866
38.097,9.8962
38.107,10.063
38.117,9.9065
38.127,9.9148
38.137,9.9438
38.147,10.097
38.157,10.119
38.167,10.208
38.177,10.164
38.187,10.141
38.197,10.072
38.207,9.9449
38.217,10.046
38.227,9.8531
38.237,10.096
38.247,9.8052
38.257,10.041
38.267,9.72
38.277,10.051
38.287,9.7425
38.297,10.117
38.307,9.7061
38.317,9.9251
38.327,9.5861
38.337,9.7546
38.347,9.5406
38.357,9.729
38.367,9.5772
38.377,9.7274
38.387,9.5537
38.397,9.5341
38.407,9.5221
38.416,9.5335
38.426,9.645
38.436,9.5265
38.446,9.8441
38.456,9.5465
38.466,9.8533
38.476,9.7358
