0,9.8664
0.01,9.8784
0.02,9.8783
0.03,9.8663
0.04,9.8877
0.05,9.895
0.06,9.8682
0.07,9.8751
0.08,9.8709
0.09,9.8799
0.1,9.8916
0.11,9.8607
0.12,9.8871
0.13,9.8679
0.14,9.8772
0.15,9.8676
0.16,9.8697
0.17,9.8793
0.18,9.8702
0.19,9.8651
0.2,9.9079
0.21,9.8555
0.22,9.894
0.23,9.906
0.24,9.8675
0.25,9.856
0.26,9.8754
0.27,9.8655
0.28,9.8868
0.29,9.8729
0.3,9.8681
0.31,9.878
0.32,9.8874
0.33,9.8805
0.34,9.8685
0.35,9.8687
0.36,9.883
0.37,9.8757
0.38,9.8567
0.39,9.8736
0.4,9.8952
0.41,9.8735
0.42,9.8998
0.43,9.8853
0.44,9.8856
0.45,9.8661
0.46,9.8661
0.47,9.8949
0.48,9.8804
0.49,9.8851
0.5,9.8753
0.51,9.8708
0.52,9.8702
0.53,9.8753
0.54,9.8827
0.549,9.8919
0.559,9.8678
0.569,9.8705
0.579,9.882
0.589,9.8772
0.599,9.8943
0.609,9.8775
0.619,9.8896
0.629,9.8866
0.639,9.8772
0.649,9.8703
0.659,9.8989
0.669,9.8609
0.679,9.8753
0.689,9.8654
0.699,9.8654
0.709,9.8751
0.719,9.8868
0.729,9.8654
0.739,9.8708
0.749,9.873
0.759,9.8684
0.769,9.8586
0.779,9.8899
0.789,9.8756
0.799,9.8682
0.809,9.8898
0.819,9.8875
0.829,9.8798
0.839,9.8824
0.849,9.8729
0.859,9.9065
0.869,9.8703
0.879,9.8609
0.889,9.8941
0.899,9.8708
0.909,9.8729
0.919,9.8774
0.929,9.8609
0.939,9.8895
0.949,9.8775
0.959,9.8753
0.969,9.8968
0.979,9.897
0.989,9.8583
0.999,9.8826
1.009,9.8756
1.019,9.8781
1.029,9.8898
1.039,9.8681
1.049,9.897
1.059,9.8802
1.069,9.8875
1.079,9.8661
1.089,9.878
1.099,9.9071
1.109,9.8637
1.119,9.8829
1.128,9.9092
1.138,9.8661
1.148,9.8923
1.158,9.8851
1.168,9.8542
1.178,9.8796
1.188,9.9434
1.198,9.8857
1.208,9.9369
1.218,9.8898
1.228,9.9127
1.238,9.8299
1.248,9.8052
1.258,9.7952
1.268,9.7813
1.278,9.8226
1.288,9.8444
1.298,9.8598
1.308,9.8989
1.318,9.8965
1.328,9.8938
1.338,9.8917
1.348,9.866
1.358,9.9167
1.368,9.9173
1.378,9.9588
1.388,9.9759
1.398,9.9609
1.408,9.9363
1.418,9.8994
1.428,9.8504
1.438,9.8061
1.448,9.794
1.458,9.8205
1.468,9.8524
1.478,9.8221
1.488,9.8203
1.498,9.8347
1.508,9.8229
1.518,9.8476
1.528,9.8723
1.538,9.8783
1.548,9.9248
1.558,9.9127
1.568,9.9468
1.578,9.9371
1.588,9.9366
1.598,9.9121
1.608,9.8851
1.618,9.8863
1.628,9.8902
1.638,9.8706
1.648,9.8697
1.658,9.8667
1.668,9.8396
1.678,9.8295
1.688,9.8052
1.698,9.8118
1.708,9.8145
1.717,9.8393
1.727,9.8549
1.737,9.897
1.747,9.9251
1.757,9.9525
1.767,9.9386
1.777,9.9622
1.787,9.9694
1.797,9.9013
1.807,9.9208
1.817,9.85
1.827,9.8034
1.837,9.8298
1.847,9.8283
1.857,9.8266
1.867,9.8777
1.877,9.8684
1.887,9.9
1.897,9.9048
1.907,9.8735
1.917,9.8826
1.927,9.8777
1.937,9.861
1.947,9.8932
1.957,9.8869
1.967,9.9263
1.977,9.9046
1.987,9.9077
1.997,9.8823
2.007,9.8116
2.017,9.8287
2.027,9.7455
2.037,9.7569
2.047,9.7811
2.057,9.8045
2.067,9.8372
2.077,9.9154
2.087,9.9103
2.097,9.9762
2.107,9.9893
2.117,9.9654
2.127,9.9949
2.137,9.9682
2.147,9.9318
2.157,9.9456
2.167,9.8986
2.177,9.8691
2.187,9.851
2.197,9.8287
2.207,9.7778
2.217,9.7726
2.227,9.7726
2.237,9.7828
2.247,9.8048
2.257,9.8393
2.267,9.8473
2.277,9.8772
2.287,9.9048
2.297,9.9077
2.307,9.9516
2.316,9.9735
2.326,9.9516
2.336,9.9681
2.346,9.9335
2.356,9.9332
2.366,9.9269
2.376,9.8804
2.386,9.8554
2.396,9.8515
2.406,9.7808
2.416,9.8019
2.426,9.8036
2.436,9.7697
2.446,9.811
2.456,9.8187
2.466,9.8075
2.476,9.8612
2.486,9.8816
2.496,9.8994
2.506,9.9223
2.516,9.9209
2.526,9.9335
2.536,9.9308
2.546,9.9287
2.556,9.9314
2.566,9.9362
2.576,9.8922
2.586,9.8793
2.596,9.8619
2.606,9.8425
2.616,9.8325
2.626,9.8033
2.636,9.7979
2.646,9.8194
2.656,9.8223
2.666,9.8178
2.676,9.8567
2.686,9.8498
2.696,9.8621
2.706,9.8985
2.716,9.8917
2.726,9.9305
2.736,9.9425
2.746,9.9179
2.756,9.9202
2.766,9.9217
2.776,9.878
2.786,9.8769
2.796,9.8814
2.806,9.8395
2.816,9.8438
2.826,9.8335
2.836,9.7926
2.846,9.7973
2.856,9.8242
2.866,9.8221
2.876,9.8015
2.886,9.8618
2.895,9.8432
2.905,9.8949
2.915,9.8979
2.925,9.8842
2.935,9.9113
2.945,9.9187
2.955,9.8875
2.965,9.9188
2.975,9.9262
2.985,9.8563
2.995,9.8964
3.005,9.8554
3.015,9.8214
3.025,9.842
3.035,9.8298
3.045,9.8176
3.055,9.8295
3.065,9.8269
3.075,9.8127
3.085,9.8396
3.095,9.8491
3.105,9.8756
3.115,9.8661
3.125,9.8878
3.135,9.8955
3.145,9.8762
3.155,9.9145
3.165,9.8757
3.175,9.8893
3.185,9.9062
3.195,9.8603
3.205,9.8741
3.215,9.8738
3.225,9.8254
3.235,9.8295
3.245,9.8441
3.255,9.8202
3.265,9.861
3.275,9.8326
3.285,9.8164
3.295,9.8793
3.305,9.8702
3.315,9.8591
3.325,9.9001
3.335,9.8789
3.345,9.8937
3.355,9.8823
3.365,9.8874
3.375,9.8991
3.385,9.8798
3.395,9.8678
3.405,9.8814
3.415,9.8669
3.425,9.8378
3.435,9.8299
3.445,9.8542
3.455,9.8368
3.464,9.8271
3.474,9.8772
3.484,9.841
3.494,9.8652
3.504,9.8775
3.514,9.8199
3.524,9.8917
3.534,9.8875
3.544,9.8609
3.554,9.9449
3.564,9.8539
3.574,9.8729
3.584,9.9203
3.594,9.8625
3.604,9.8911
3.614,9.8907
3.624,9.8235
3.634,9.8522
3.644,9.8621
3.654,9.8091
3.664,9.8498
3.674,9.8428
3.684,9.8482
3.694,9.8576
3.704,9.8464
3.714,9.8585
3.724,9.8832
3.734,9.8769
3.744,9.8718
3.754,9.8887
3.764,9.8652
3.774,9.8844
3.784,9.9034
3.794,9.8624
3.804,9.8718
3.814,9.8955
3.824,9.835
3.834,9.8708
3.844,9.8585
3.854,9.8223
3.864,9.8627
3.874,9.8509
3.884,9.8124
3.894,9.8649
3.904,9.8723
3.914,9.822
3.924,9.8967
3.934,9.8513
3.944,9.8464
3.954,9.9039
3.964,9.8678
3.973,9.8488
3.983,9.8895
3.993,9.8655
4.003,9.8604
4.013,9.901
4.023,9.8337
4.033,9.8669
4.043,9.8549
4.053,9.8116
4.063,9.8506
4.073,9.8338
4.083,9.8076
4.093,9.8606
4.103,9.8512
4.113,9.8158
4.123,9.8925
4.133,9.8666
4.143,9.8405
4.153,9.9148
4.163,9.8576
4.173,9.8576
4.183,9.9009
4.193,9.8359
4.203,9.8711
4.213,9.8856
4.223,9.8449
4.233,9.8685
4.243,9.866
4.253,9.8253
4.263,9.8392
4.273,9.8652
4.283,9.8271
4.293,9.863
4.303,9.8798
4.313,9.8411
4.323,9.8676
4.333,9.9086
4.343,9.8242
4.353,9.8679
4.363,9.873
4.373,9.8486
4.383,9.9085
4.393,9.8558
4.403,9.8028
4.413,9.8991
4.423,9.8223
4.433,9.8199
4.443,9.8988
4.453,9.8175
4.463,9.8582
4.473,9.8872
4.482,9.8251
4.492,9.8539
4.502,9.8949
4.512,9.8426
4.522,9.8833
4.532,9.9028
4.542,9.8408
4.552,9.9077
4.562,9.879
4.572,9.8286
4.582,9.8859
4.592,9.8567
4.602,9.8209
4.612,9.876
4.622,9.8709
4.632,9.8179
4.642,9.8923
4.652,9.8322
4.662,9.8274
4.672,9.8609
4.682,9.8269
4.692,9.8293
4.702,9.8601
4.712,9.8317
4.722,9.8389
4.732,9.8916
4.742,9.8441
4.752,9.8539
4.762,9.8971
4.772,9.8444
4.782,9.8804
4.792,9.8994
4.802,9.8396
4.812,9.8827
4.822,9.8724
4.832,9.8345
4.842,9.8628
4.852,9.8483
4.862,9.8051
4.872,9.8194
4.882,9.8482
4.892,9.8485
4.902,9.8748
4.912,9.8512
4.922,9.8441
4.932,9.8826
4.942,9.8543
4.951,9.8643
4.961,9.8955
4.971,9.8766
4.981,9.8742
4.991,9.8765
5.001,9.8694
5.011,9.8784
5.021,9.8932
5.031,9.8473
5.041,9.8904
5.051,9.8567
5.061,9.8516
5.071,9.8443
5.081,9.8465
5.091,9.8344
5.101,9.8684
5.111,9.844
5.121,9.8322
5.131,9.8585
5.141,9.8398
5.151,9.842
5.161,9.8949
5.171,9.8639
5.181,9.8778
5.191,9.8709
5.201,9.8468
5.211,9.8804
5.221,9.8781
5.231,9.8539
5.241,9.8655
5.251,9.8606
5.261,9.8319
5.271,9.8748
5.281,9.8536
5.291,9.8224
5.301,9.8678
5.311,9.8512
5.321,9.8202
5.331,9.8681
5.341,9.8639
5.351,9.8444
5.361,9.8928
5.371,9.8667
5.381,9.8645
5.391,9.9028
5.401,9.8429
5.411,9.8762
5.421,9.9004
5.431,9.8428
5.441,9.8262
5.451,9.8663
5.461,9.8468
5.471,9.8612
5.48,9.8658
5.49,9.8539
5.5,9.8392
5.51,9.8631
5.52,9.8275
5.53,9.8154
5.54,9.875
5.55,9.861
5.56,9.8392
5.57,9.8823
5.58,9.8492
5.59,9.8631
5.6,9.8823
5.61,9.8586
5.62,9.8681
5.63,9.8995
5.64,9.8081
5.65,9.892
5.66,9.8726
5.67,9.8274
5.68,9.9016
5.69,9.8438
5.7,9.832
5.71,9.8585
5.72,9.8513
5.73,9.8492
5.74,9.8947
5.75,9.8446
5.76,9.8498
5.77,9.8904
5.78,9.8453
5.79,9.8717
5.8,9.8814
5.81,9.8503
5.82,9.8669
5.83,9.8863
5.84,9.8811
5.85,9.8591
5.86,9.8661
5.87,9.8325
5.88,9.8419
5.89,9.8634
5.9,9.8197
5.91,9.8292
5.92,9.8649
5.93,9.817
5.939,9.8747
5.949,9.8531
5.959,9.8485
5.969,9.8723
5.979,9.8847
5.989,9.8485
5.999,9.9375
6.009,9.8563
6.019,9.9092
6.029,9.9257
6.039,9.9095
6.049,9.8877
6.059,9.9118
6.069,9.8323
6.079,9.8922
6.089,9.8631
6.099,9.8387
6.109,9.86
6.119,9.8072
6.129,9.8166
6.139,9.8331
6.149,9.7994
6.159,9.8043
6.169,9.8281
6.179,9.8096
6.189,9.8287
6.199,9.8461
6.209,9.8416
6.219,9.8518
6.229,9.8784
6.239,9.8789
6.249,9.8766
6.259,9.9154
6.269,9.8723
6.279,9.8814
6.289,9.9199
6.299,9.8594
6.309,9.8661
6.319,9.8652
6.329,9.8317
6.339,9.857
6.349,9.8471
6.359,9.8037
6.369,9.8323
6.379,9.8203
6.389,9.8179
6.398,9.8491
6.408,9.8374
6.418,9.8667
6.428,9.886
6.438,9.8723
6.448,9.8967
6.458,9.8896
6.468,9.8847
6.478,9.8878
6.488,9.8729
6.498,9.8759
6.508,9.883
6.518,9.8398
6.528,9.8705
6.538,9.863
6.548,9.844
6.558,9.8533
6.568,9.8221
6.578,9.8193
6.588,9.834
6.598,9.8338
6.608,9.8458
6.618,9.8289
6.628,9.8607
6.638,9.8317
6.648,9.8537
6.658,9.861
6.668,9.8494
6.678,9.8898
6.688,9.8687
6.698,9.8537
6.708,9.888
6.718,9.8516
6.728,9.8896
6.738,9.8703
6.748,9.8726
6.758,9.8865
6.768,9.8619
6.778,9.8236
6.788,9.876
6.798,9.8399
6.808,9.8615
6.818,9.842
6.828,9.823
6.837,9.8474
6.847,9.8307
6.857,9.867
6.867,9.8507
6.877,9.8798
6.887,9.8682
6.897,9.8736
6.907,9.9049
6.917,9.8911
6.927,9.8932
6.937,9.9101
6.947,9.8768
6.957,9.8908
6.967,9.9028
6.977,9.8446
6.987,9.8759
6.997,9.8636
7.007,9.8131
7.017,9.8585
7.027,9.825
7.037,9.839
7.047,9.8557
7.057,9.8389
7.067,9.844
7.077,9.8748
7.087,9.844
7.097,9.8729
7.107,9.8922
7.117,9.8564
7.127,9.8896
7.137,9.8821
7.147,9.863
7.157,9.8819
7.167,9.8673
7.177,9.8552
7.187,9.8575
7.197,9.8621
7.207,9.8642
7.217,9.8573
7.227,9.8522
7.237,9.8456
7.247,9.8598
7.256,9.8721
7.266,9.8628
7.276,9.8801
7.286,9.8711
7.296,9.8739
7.306,9.9006
7.316,9.9033
7.326,9.8916
7.336,9.923
7.346,9.8967
7.356,9.9039
7.366,9.8992
7.376,9.8941
7.386,9.8962
7.396,9.9199
7.406,9.9271
7.416,9.9929
7.426,9.9979
7.436,10.042
7.446,10.062
7.456,10.063
7.466,10.034
7.476,10.059
7.486,10.068
7.496,10.162
7.506,10.164
7.516,10.098
7.526,10.181
7.536,10.209
7.546,10.327
7.556,10.053
7.566,10.128
7.576,9.9338
7.586,10.039
7.596,10.062
7.606,9.9664
7.616,10.117
7.626,9.9769
7.636,10.205
7.646,10.079
7.655,9.9853
7.665,9.8348
7.675,9.6139
7.685,9.742
7.695,9.419
7.705,9.59
7.715,9.1184
7.725,9.4425
7.735,9.0319
7.745,9.4734
7.755,9.1535
7.765,9.5873
7.775,9.4012
7.785,9.7371
7.795,9.5808
7.805,10.194
7.815,9.8103
7.825,10.128
7.835,9.7617
7.845,10.178
7.855,9.6811
7.865,10.16
7.875,9.5055
7.885,10.04
7.895,9.4513
7.905,9.9848
7.915,9.6491
7.925,10.045
7.935,9.7145
7.945,10.026
7.955,9.7551
7.965,9.9045
7.975,9.7274
7.985,10.124
7.995,9.9154
8.005,10.432
8.015,10.207
8.025,10.257
8.035,10.188
8.045,10.151
8.055,10.011
8.065,10.145
8.074,9.8585
8.084,9.9341
8.094,9.5784
8.104,9.7703
8.114,9.4296
8.124,9.4554
8.134,9.424
8.144,9.3537
8.154,9.513
8.164,9.1303
8.174,9.5653
8.184,8.9641
8.194,9.6019
8.204,9.0313
8.214,9.7525
8.224,9.2547
8.234,9.7139
8.244,9.3781
8.254,9.6048
8.264,9.4865
8.274,9.7181
8.284,9.9374
8.294,9.9302
8.304,10.108
8.314,9.9862
8.324,10.194
8.334,9.9444
8.344,10.195
8.354,9.9684
8.364,10.252
8.374,10.045
8.384,10.315
8.394,10.123
8.404,10.311
8.414,10.089
8.424,10.226
8.434,10.002
8.444,10.139
8.454,9.9071
8.464,9.9483
8.474,9.7834
8.483,9.7745
8.493,9.6317
8.503,9.6368
8.513,9.4335
8.523,9.487
8.533,9.4548
8.543,9.5769
8.553,9.5533
8.563,9.5979
8.573,9.5901
8.583,9.6813
8.593,9.694
8.603,9.7953
8.613,9.8862
8.623,9.9868
8.633,10.048
8.643,10.079
8.653,10.065
8.663,10.037
8.673,10.058
8.683,9.9854
8.693,9.9842
8.703,9.9878
8.713,10.02
8.723,9.9408
8.733,9.9292
8.743,9.8218
8.753,9.7554
8.763,9.6943
8.773,9.691
8.783,9.7049
8.793,9.7335
8.803,9.7242
8.813,9.792
8.823,9.7838
8.833,9.8166
8.843,9.8393
8.853,9.8889
8.863,9.9236
8.872,9.9652
8.882,9.978
8.892,10.007
8.902,10.002
8.912,9.9709
8.922,9.9482
8.932,9.8563
8.942,9.8408
8.952,9.8296
8.962,9.8262
8.972,9.806
8.982,9.7884
8.992,9.7331
9.002,9.7211
9.012,9.717
9.022,9.7459
9.032,9.7807
9.042,9.8298
9.052,9.8768
9.062,9.9018
9.072,9.8935
9.082,9.9227
9.092,9.9115
9.102,9.9357
9.112,9.9717
9.122,9.9407
9.132,9.9113
9.142,9.9392
9.152,9.9196
9.162,9.9333
9.172,10.018
9.182,10.149
9.192,10.352
9.202,10.657
9.212,10.735
9.222,11.067
9.232,11.205
9.242,11.359
9.252,11.175
9.262,10.931
9.271,10.953
9.281,10.751
9.291,10.873
9.301,10.243
9.311,10.223
9.321,9.6138
9.331,9.9727
9.341,9.7766
9.351,10.249
9.361,9.7922
9.371,10.162
9.381,9.6937
9.391,10.117
9.401,9.4392
9.411,10.709
9.421,11.093
9.431,11.886
9.441,11.52
9.451,11.475
9.461,10.808
9.471,10.984
9.481,10.716
9.491,10.321
9.501,9.2547
9.511,8.6951
9.521,8.0411
9.531,8.0468
9.541,7.9575
9.551,8.2935
9.561,7.6096
9.571,8.3348
9.581,8.7842
9.591,9.7021
9.601,10.064
9.611,10.835
9.621,11.168
9.631,11.339
9.641,11.372
9.651,11.148
9.661,11.396
9.671,11.262
9.68,11.414
9.69,10.765
9.7,9.8257
9.71,9.0496
9.72,8.9521
9.73,8.9902
9.74,8.8418
9.75,8.1284
9.76,7.9845
9.77,7.9598
9.78,8.7352
9.79,8.4347
9.8,9.116
9.81,9.3008
9.82,10.091
9.83,9.6145
9.84,10.27
9.85,9.7932
9.86,10.399
9.87,9.8262
9.88,10.904
9.89,10.397
9.9,10.942
9.91,10.49
9.92,10.484
9.93,9.9366
9.94,9.509
9.95,9.3253
9.96,9.8814
9.97,9.7028
9.98,9.7705
9.99,9.3422
10,9.3455
10.01,9.1788
10.02,9.2603
10.03,9.54
10.04,9.7221
10.05,9.886
10.06,10.467
10.069,10.781
10.079,10.528
10.089,10.482
10.099,10.189
10.109,10.18
10.119,9.8609
10.129,10.446
10.139,10.183
10.149,10.339
10.159,10.161
10.169,9.6992
10.179,9.5617
10.189,9.1404
10.199,9.0827
10.209,9.2099
10.219,8.9351
10.229,9.1511
10.239,9.0604
10.249,9.1147
10.259,9.1286
10.269,9.3482
10.279,9.2478
10.289,9.4307
10.299,9.2615
10.309,9.691
10.319,10.057
10.329,10.552
10.339,10.527
10.349,10.474
10.359,10.725
10.369,10.609
10.379,10.389
10.389,10.005
10.399,9.5227
10.409,9.3015
10.419,9.6316
10.429,9.7359
10.439,9.5684
10.449,9.4124
10.459,9.2981
10.468,9.7006
10.478,9.906
10.488,9.7458
10.498,9.6157
10.508,9.7543
10.518,9.9492
10.528,10.17
10.538,10.138
10.548,10.195
10.558,10.498
10.568,10.755
10.578,10.383
10.588,10.523
10.598,9.9284
10.608,9.9574
10.618,9.4521
10.628,9.3166
10.638,8.6538
10.648,8.6987
10.658,8.4823
10.668,8.9119
10.678,8.9626
10.688,9.4187
10.698,9.5491
10.708,9.9971
10.718,10.242
10.728,10.353
10.738,10.708
10.748,10.866
10.758,10.873
10.768,11.003
10.778,10.711
10.788,10.979
10.798,10.777
10.808,10.696
10.818,10.504
10.828,10.433
10.837,10.401
10.847,9.936
10.857,9.0381
10.867,8.93
10.877,8.5686
10.887,8.751
10.897,8.9478
10.907,9.325
10.917,9.7151
10.927,9.9787
10.937,10.099
10.947,10.312
10.957,10.135
10.967,10.203
10.977,10.013
10.987,9.964
10.997,10.133
11.007,10.181
11.017,10.353
11.027,10.252
11.037,10.229
11.047,9.86
11.057,9.735
11.067,9.1681
11.077,8.6692
11.087,8.3582
11.097,8.3924
11.107,8.701
11.117,9.0933
11.127,9.3178
11.137,9.3358
11.147,9.6441
11.157,9.8039
11.167,9.9185
11.177,9.9118
11.187,9.8718
11.197,10.259
11.207,10.008
11.217,10.35
11.226,9.7992
11.236,10.311
11.246,9.7633
11.256,9.8965
11.266,9.7476
11.276,9.9649
11.286,9.7733
11.296,10.045
11.306,10.342
11.316,10.791
11.326,10.79
11.336,10.829
11.346,10.977
11.356,10.769
11.366,10.663
11.376,10.053
11.386,9.8515
11.396,9.3714
11.406,9.6847
11.416,9.1786
11.426,9.6052
11.436,9.4184
11.446,9.5727
11.456,9.7664
11.466,9.5454
11.476,9.9338
11.486,9.5446
11.496,10.252
11.506,9.8824
11.516,10.009
11.526,9.3764
11.536,9.2862
11.546,9.1821
11.556,9.2907
11.566,9.5072
11.576,9.9498
11.586,10.146
11.596,10.174
11.606,10.135
11.616,10.305
11.626,10.021
11.636,10.08
11.645,10.016
11.655,10.088
11.665,9.7801
11.675,9.5543
11.685,9.6437
11.695,9.5823
11.705,9.9504
11.715,10.02
11.725,10.077
11.735,10.294
11.745,10.041
11.755,10.367
11.765,9.8624
11.775,10.093
11.785,9.4653
11.795,9.5931
11.805,9.4751
11.815,9.4969
11.825,9.8112
11.835,10.076
11.845,10.448
11.855,10.258
11.865,10.217
11.875,10.455
11.885,10.209
11.895,10.457
11.905,9.8971
11.915,9.9375
11.925,9.3061
11.935,9.2651
11.945,8.349
11.955,8.5391
11.965,8.4366
11.975,9.1373
11.985,9.1906
11.995,9.6016
12.005,9.3097
12.015,9.6045
12.025,9.7464
12.035,10.426
12.044,10.11
12.054,10.642
12.064,10.314
12.074,10.673
12.084,10.468
12.094,10.763
12.104,10.401
12.114,10.42
12.124,10.082
12.134,10.306
12.144,9.969
12.154,10.289
12.164,9.8452
12.174,10.167
12.184,9.7772
12.194,9.9823
12.204,9.7958
12.214,9.857
12.224,9.901
12.234,9.756
12.244,9.985
12.254,9.6417
12.264,9.7155
12.274,9.5858
12.284,10.215
12.294,9.9693
12.304,10.461
12.314,10.115
12.324,10.43
12.334,9.6281
12.344,9.938
12.354,9.0788
12.364,9.2967
12.374,8.9695
12.384,9.0788
12.394,9.1621
12.404,9.2407
12.414,9.2801
12.424,9.606
12.434,9.6238
12.444,9.8569
12.454,9.9923
12.464,9.9437
12.474,10.072
12.483,9.8154
12.493,9.8833
12.503,9.4615
12.513,9.6377
12.523,9.3711
12.533,9.626
12.543,9.5142
12.553,10.059
12.563,9.8383
12.573,10.411
12.583,10.072
12.593,10.513
12.603,10.232
12.613,10.259
12.623,10.025
12.633,9.9655
12.643,9.8365
12.653,9.9166
12.663,9.6262
12.673,9.5434
12.683,9.5121
12.693,9.163
12.703,9.3931
12.713,9.285
12.723,9.4636
12.733,9.6326
12.743,9.9386
12.753,10.024
12.763,10.151
12.773,10.115
12.783,10.001
12.793,10.037
12.803,10.023
12.813,10.527
12.823,10.442
12.833,10.605
12.843,10.369
12.853,10.399
12.863,9.9182
12.873,10.022
12.883,9.6802
12.893,9.5334
12.902,9.0027
12.912,9.0343
12.922,8.7939
12.932,9.0505
12.942,9.1517
12.952,9.4986
12.962,9.6859
12.972,10.274
12.982,10.471
12.992,10.996
13.002,10.77
13.012,11.072
13.022,11.143
13.032,10.802
13.042,10.798
13.052,10.298
13.062,10.563
13.072,9.2674
13.082,9.8711
13.092,8.6572
13.102,9.641
13.112,8.8471
13.122,9.8509
13.132,9.1222
13.142,10.112
13.152,9.6666
13.162,10.015
13.172,9.6554
13.182,9.7678
13.192,9.726
13.202,9.841
13.212,9.5777
13.222,9.8227
13.232,9.5293
13.242,9.5579
13.252,9.6976
13.262,9.3617
13.272,9.829
13.282,9.5913
13.292,10.421
13.302,9.7991
13.312,10.363
13.322,9.7549
13.332,10.204
13.342,10.183
13.351,9.9155
13.361,9.7489
13.371,9.3085
13.381,9.315
13.391,9.3503
13.401,8.9241
13.411,9.1401
13.421,9.2919
13.431,9.4433
13.441,9.9452
13.451,9.795
13.461,10.334
13.471,10.441
13.481,10.898
13.491,10.955
13.501,10.803
13.511,10.656
13.521,10.532
13.531,10.613
13.541,10.276
13.551,10.333
13.561,9.4576
13.571,9.8826
13.581,9.0901
13.591,9.5828
13.601,8.8744
13.611,9.1747
13.621,8.8625
13.631,9.3957
13.641,9.4082
13.651,9.5724
13.661,9.9471
13.671,10.229
13.681,10.846
13.691,10.944
13.701,11.088
13.711,10.969
13.721,11.17
13.731,10.926
13.741,10.684
13.751,9.9817
13.761,9.4808
13.771,8.9891
13.781,8.7821
13.791,8.7533
13.801,8.5481
13.81,9.047
13.82,8.925
13.83,9.5509
13.84,9.1063
13.85,9.789
13.86,9.8232
13.87,10.215
13.88,10.424
13.89,10.559
13.9,10.538
13.91,10.69
13.92,10.331
13.93,10.376
13.94,10.264
13.95,10.045
13.96,10.126
13.97,9.7452
13.98,9.7323
13.99,9.7124
14,9.6799
14.01,9.5843
14.02,9.4855
14.03,9.1918
14.04,9.4368
14.05,9.2819
14.06,9.4392
14.07,9.4442
14.08,9.4416
14.09,9.369
14.1,9.25
14.11,9.2439
14.12,9.2644
14.13,9.2984
14.14,9.6343
14.15,9.5301
14.16,9.7801
14.17,9.7069
14.18,10.129
14.19,9.892
14.2,10.504
14.21,9.9809
14.22,10.675
14.23,9.9667
14.24,10.675
14.25,10.404
14.26,10.691
14.269,11.287
14.279,11.038
14.289,11.541
14.299,10.432
14.309,10.689
14.319,9.9697
14.329,10.108
14.339,9.5419
14.349,9.4744
14.359,8.8351
14.369,8.8839
14.379,8.6468
14.389,8.745
14.399,9.1617
14.409,9.2059
14.419,9.8154
14.429,9.7461
14.439,10.227
14.449,9.9923
14.459,10.59
14.469,10.21
14.479,10.829
14.489,10.289
14.499,10.498
14.509,10.037
14.519,9.8342
14.529,9.7169
14.539,9.396
14.549,9.2743
14.559,9.0848
14.569,9.1328
14.579,9.1831
14.589,9.1848
14.599,9.823
14.609,9.5979
14.619,10.64
14.629,9.9796
14.639,10.742
14.649,10.089
14.659,11.045
14.669,10.227
14.679,10.987
14.689,9.8175
14.699,10.494
14.709,9.4301
14.718,9.9762
14.728,9.0813
14.738,9.3696
14.748,8.808
14.758,9.0985
14.768,9.0032
14.778,9.7551
14.788,9.3584
14.798,10.556
14.808,9.5361
14.818,10.688
14.828,9.6141
14.838,10.88
14.848,9.5608
14.858,10.909
14.868,9.3996
14.878,10.705
14.888,9.138
14.898,10.288
14.908,8.8134
14.918,10.155
14.928,8.5674
14.938,9.6091
14.948,8.4275
14.958,9.1521
14.968,9.0297
14.978,9.2584
14.988,9.576
14.998,9.5796
15.008,10.182
15.018,10.298
15.028,10.672
15.038,10.532
15.048,10.545
15.058,10.703
15.068,10.571
15.078,10.759
15.088,10.083
15.098,10.749
15.108,9.9274
15.118,10.733
15.128,9.9811
15.138,9.8607
15.148,9.2898
15.158,9.3316
15.168,9.3211
15.178,9.2527
15.188,9.0635
15.198,9.2309
15.207,9.1503
15.217,9.6449
15.227,9.5003
15.237,9.6187
15.247,9.6623
15.257,9.9664
15.267,10.501
15.277,10.144
15.287,10.878
15.297,9.8964
15.307,11.104
15.317,10.312
15.327,11.203
15.337,10.749
15.347,10.887
15.357,10.898
15.367,10.027
15.377,10.239
15.387,9.4365
15.397,9.5494
15.407,9.0794
15.417,9.1247
15.427,8.7674
15.437,8.6403
15.447,8.558
15.457,8.6821
15.467,9.1388
15.477,9.0607
15.487,9.5841
15.497,9.6898
15.507,10.174
15.517,10.44
15.527,10.337
15.537,10.58
15.547,10.499
15.557,10.728
15.567,10.686
15.577,10.88
15.587,10.337
15.597,10.989
15.607,9.5947
15.617,10.158
15.627,9.0807
15.637,9.3446
15.647,8.6831
15.657,8.8894
15.666,8.2178
15.676,8.7423
15.686,8.3761
15.696,9.1452
15.706,8.8191
15.716,9.9522
15.726,9.5834
15.736,10.664
15.746,10.092
15.756,10.817
15.766,10.113
15.776,10.854
15.786,10.418
15.796,10.865
15.806,10.32
15.816,10.41
15.826,10.16
15.836,10.098
15.846,10.09
15.856,9.6262
15.866,9.8259
15.876,9.6973
15.886,9.6447
15.896,9.792
15.906,9.3662
15.916,9.5748
15.926,9.5403
15.936,9.6781
15.946,9.9197
15.956,9.9357
15.966,9.973
15.976,10.272
15.986,10.033
15.996,10.324
16.006,10.089
16.016,10.122
16.026,10.436
16.036,9.6641
16.046,10.555
16.056,9.1126
16.066,10.522
16.076,9.1497
16.086,9.8319
16.096,9.4814
16.106,9.0364
16.116,9.578
16.126,8.7071
16.136,9.4096
16.146,8.9774
16.155,9.5072
16.165,9.4522
16.175,9.8175
16.185,9.9229
16.195,10.086
16.205,10.185
16.215,10.19
16.225,10.233
16.235,10.318
16.245,10.472
16.255,10.32
16.265,10.708
16.275,10.122
16.285,10.595
16.295,9.7021
16.305,10.495
16.315,9.4786
16.325,10.295
16.335,9.2904
16.345,9.8607
16.355,9.3738
16.365,9.6001
16.375,9.3087
16.385,9.419
16.395,9.3903
16.405,9.4989
16.415,9.5602
16.425,9.6798
16.435,9.767
16.445,9.7843
16.455,9.8256
16.465,9.7658
16.475,10.014
16.485,9.9642
16.495,10.187
16.505,9.9634
16.515,10.021
16.525,9.6558
16.535,9.8245
16.545,9.3961
16.555,9.8658
16.565,9.4819
16.575,10.199
16.585,9.6087
16.595,10.298
16.604,9.8227
16.614,10.425
16.624,9.809
16.634,9.939
16.644,9.817
16.654,9.8289
16.664,9.9986
16.674,10.143
16.684,10.064
16.694,9.9214
16.704,9.8522
16.714,9.6998
16.724,9.8196
16.734,9.5795
16.744,9.8585
16.754,9.5985
16.764,9.9803
16.774,9.719
16.784,9.9501
16.794,9.6072
16.804,9.7875
16.814,9.4687
16.824,9.6639
16.834,9.563
16.844,9.7597
16.854,9.7352
16.864,9.8052
16.874,9.7247
16.884,9.7548
16.894,9.7715
16.904,9.8284
16.914,9.9303
16.924,9.8784
16.934,9.9245
16.944,9.7977
16.954,9.9088
16.964,9.9092
16.974,10.03
16.984,9.9845
16.994,10.004
17.004,9.8898
17.014,9.9398
17.024,9.9802
17.034,10.018
17.044,10.034
17.054,9.9547
17.064,9.8775
17.073,9.834
17.083,9.8329
17.093,9.8751
17.103,9.8745
17.113,9.8289
17.123,9.7807
17.133,9.7423
17.143,9.7732
17.153,9.8212
17.163,9.8651
17.173,9.8301
17.183,9.8043
17.193,9.7741
17.203,9.8708
17.213,9.9453
17.223,9.9503
17.233,9.9218
17.243,9.8432
17.253,9.822
17.263,9.8765
17.273,9.9121
17.283,9.9308
17.293,9.9257
17.303,9.8169
17.313,9.8073
17.323,9.8187
17.333,9.8375
17.343,9.9164
17.353,9.892
17.363,9.8348
17.373,9.7871
17.383,9.7965
17.393,9.8639
17.403,9.8009
17.413,9.7663
17.423,9.7371
17.433,9.7111
17.443,9.8046
17.453,9.8096
17.463,9.8019
17.473,9.7519
17.483,9.7069
17.493,9.676
17.503,9.6928
17.513,9.6709
17.522,9.7212
17.532,9.7501
17.542,9.6877
17.552,9.7603
17.562,9.754
17.572,9.7355
17.582,9.8826
17.592,9.7808
17.602,9.9134
17.612,9.8592
17.622,9.9443
17.632,9.9098
17.642,10.05
17.652,9.9543
17.662,10.05
17.672,9.9241
17.682,10.047
17.692,9.9919
17.702,9.9965
17.712,9.9675
17.722,9.9504
17.732,9.8875
17.742,9.976
17.752,9.8651
17.762,10.019
17.772,9.9559
17.782,9.9363
17.792,9.8521
17.802,9.7865
17.812,9.7554
17.822,9.7462
17.832,9.825
17.842,9.7838
17.852,9.8943
17.862,9.7841
17.872,9.8821
17.882,9.7967
17.892,9.8398
17.902,9.9263
17.912,9.7732
17.922,10.064
17.932,9.8419
17.942,9.9455
17.952,9.7711
17.962,9.8215
17.972,9.8286
17.982,9.8844
17.992,9.9522
18.001,9.9919
18.011,9.9547
18.021,9.8956
18.031,9.8618
18.041,9.9498
18.051,9.8039
18.061,10.096
18.071,9.8269
18.081,9.9983
18.091,9.7998
18.101,9.8109
18.111,9.6849
18.121,9.6855
18.131,9.7643
18.141,9.7151
18.151,9.9353
18.161,9.7895
18.171,9.9631
18.181,9.903
18.191,9.7111
18.201,10.006
18.211,9.4076
18.221,10.053
18.231,9.1949
18.241,10.006
18.251,9.2681
18.261,10.218
18.271,9.513
18.281,10.273
18.291,9.5651
18.301,10.056
18.311,9.5162
18.321,9.9203
18.331,9.8983
18.341,9.9034
18.351,10.267
18.361,9.5693
18.371,10.457
18.381,9.3256
18.391,10.559
18.401,9.2961
18.411,10.505
18.421,9.2591
18.431,10.405
18.441,9.6199
18.45,9.9708
18.46,10.163
18.47,9.5359
18.48,10.474
18.49,9.4457
18.5,10.508
18.51,9.6034
18.52,10.253
18.53,9.6611
18.54,10.152
18.55,9.7075
18.56,10.135
18.57,9.6138
18.58,10.139
18.59,9.6221
18.6,10.128
18.61,9.7302
18.62,10.041
18.63,9.8317
18.64,9.7985
18.65,9.8018
18.66,9.8342
18.67,9.9377
18.68,9.8557
18.69,10.03
18.7,9.814
18.71,10.033
18.72,9.7238
18.73,9.9073
18.74,9.7381
18.75,9.7687
18.76,9.9625
18.77,9.7967
18.78,10.1
18.79,9.9353
18.8,9.9991
18.81,9.9667
18.82,9.6403
18.83,9.9003
18.84,9.6072
18.85,9.9206
18.86,9.8365
18.87,9.8907
18.88,10.118
18.89,9.6385
18.9,10.139
18.909,9.3397
18.919,10.296
18.929,9.2138
18.939,10.139
18.949,9.5659
18.959,9.9549
18.969,9.9708
18.979,9.81
18.989,10.148
18.999,9.7037
19.009,10.132
19.019,9.6876
19.029,10.196
19.039,9.7702
19.049,10.074
19.059,9.6802
19.069,9.9483
19.079,9.7612
19.089,10.085
19.099,9.8588
19.109,10.336
19.119,9.9568
19.129,10.23
19.139,9.713
19.149,9.7622
19.159,9.3903
19.169,9.4774
19.179,9.4407
19.189,9.562
19.199,9.7179
19.209,9.7461
19.219,9.9952
19.229,9.8995
19.239,9.8582
19.249,10.03
19.259,9.6931
19.269,10.144
19.279,9.7371
19.289,10.028
19.299,9.9383
19.309,9.8384
19.319,10.086
19.329,9.8727
19.338,10.092
19.348,9.5281
19.358,10.114
19.368,9.6085
19.378,10.205
19.388,9.8826
19.398,10.238
19.408,9.87
19.418,10.178
19.428,10.019
19.438,9.8899
19.448,10.215
19.458,9.5335
19.468,10.253
19.478,9.4284
19.488,10.416
19.498,9.265
19.508,10.464
19.518,9.2497
19.528,10.352
19.538,9.642
19.548,10.184
19.558,9.9741
19.568,10.013
19.578,9.9089
19.588,10.007
19.598,9.7736
19.608,9.8751
19.618,9.7575
19.628,9.7133
19.638,9.819
19.648,9.6123
19.658,9.8711
19.668,9.6021
19.678,9.7272
19.688,9.5753
19.698,9.679
19.708,9.6317
19.718,9.86
19.728,9.7495
19.738,10.2
19.748,9.6721
19.758,10.559
19.767,9.4343
19.777,10.661
19.787,9.3099
19.797,10.255
19.807,9.2629
19.817,9.9236
19.827,9.5198
19.837,9.9615
19.847,9.7338
19.857,10.04
19.867,9.92
19.877,9.8444
19.887,10.328
19.897,9.5858
19.907,10.165
19.917,9.3365
19.927,9.9606
19.937,9.299
19.947,10.096
19.957,9.4647
19.967,10.384
19.977,9.5299
19.987,10.338
19.997,9.7024
20.007,10.272
20.017,9.973
20.027,9.9332
20.037,10.312
20.047,9.7456
20.057,10.332
20.067,9.5584
20.077,10.314
20.087,9.4343
20.097,10.32
20.107,9.4234
20.117,10.085
20.127,9.4364
20.137,9.9107
20.147,9.4948
20.157,9.863
20.167,9.6763
20.177,9.7328
20.187,10.124
20.197,9.6139
20.207,10.306
20.217,9.7751
20.227,10.242
20.237,9.8814
20.246,10.313
20.256,9.778
20.266,10.234
20.276,9.813
20.286,10.335
20.296,9.9821
20.306,10.205
20.316,10.049
20.326,9.9592
20.336,10.031
20.346,9.8311
20.356,9.9077
20.366,9.8504
20.376,9.9733
20.386,9.8643
20.396,10.055
20.406,9.6801
20.416,9.8214
20.426,9.737
20.436,9.7018
20.446,10.01
20.456,9.6968
20.466,9.9628
20.476,9.606
20.486,9.8771
20.496,9.5371
20.506,9.8648
20.516,9.6033
20.526,9.9568
20.536,9.8331
20.546,10.124
20.556,9.9049
20.566,10.107
20.576,9.7533
20.586,9.9986
20.596,9.6853
20.606,10.007
20.616,9.7229
20.626,10.055
20.636,9.8872
20.646,10.007
20.656,10.027
20.666,10.008
20.676,10.111
20.686,10.034
20.696,10.103
20.706,9.9167
20.715,9.9712
20.725,9.7666
20.735,9.9176
20.745,9.763
20.755,9.8649
20.765,9.6798
20.775,9.8492
20.785,9.6831
20.795,9.8685
20.805,9.8603
20.815,9.8048
20.825,9.8911
20.835,9.6808
20.845,9.7103
20.855,9.6858
20.865,9.6709
20.875,9.7572
20.885,9.6729
20.895,9.7028
20.905,9.6573
20.915,9.7563
20.925,9.7688
20.935,9.8127
20.945,9.8718
20.955,9.7519
20.965,10.093
20.975,9.8112
20.985,10.119
20.995,9.523
21.005,9.9827
21.015,9.4985
21.025,9.81
21.035,9.8166
21.045,9.6641
21.055,10.104
21.065,9.7289
21.075,10.231
21.085,9.6385
21.095,10.138
21.105,9.6973
21.115,10.017
21.125,9.8509
21.135,9.9309
21.145,10.016
21.155,9.8862
21.165,9.9649
21.175,9.9155
21.184,10.147
21.194,9.9998
21.204,10.036
21.214,9.7579
21.224,9.7594
21.234,9.5567
21.244,9.8902
21.254,9.6194
21.264,10.039
21.274,9.8603
21.284,9.941
21.294,9.7941
21.304,9.632
21.314,9.8009
21.324,9.4241
21.334,10.046
21.344,9.5039
21.354,10.239
21.364,9.6361
21.374,10.066
21.384,9.7961
21.394,9.8524
21.404,9.9471
21.414,9.704
21.424,10.019
21.434,9.6447
21.444,10.143
21.454,9.7275
21.464,10.167
21.474,9.754
21.484,10.116
21.494,9.8652
21.504,10.145
21.514,10.082
21.524,10.091
21.534,10.111
21.544,9.9928
21.554,10.036
21.564,9.6202
21.574,10.135
21.584,9.099
21.594,10.428
21.604,9.0458
21.614,10.702
21.624,9.0298
21.634,10.548
21.644,9.2677
21.654,10.29
21.664,9.6632
21.674,10.149
21.684,9.9042
21.694,9.9718
21.703,10.082
21.713,9.6362
21.723,10.086
21.733,9.391
21.743,10.017
21.753,9.3503
21.763,9.9827
21.773,9.3398
21.783,10.017
21.793,9.5997
21.803,9.8827
21.813,9.881
21.823,9.8566
21.833,9.9347
21.843,9.7858
21.853,9.982
21.863,9.9206
21.873,9.9065
21.883,10.082
21.893,9.9601
21.903,10.056
21.913,10.178
21.923,9.8554
21.933,10.217
21.943,9.7498
21.953,9.9441
21.963,9.9211
21.973,9.8018
21.983,10.001
21.993,9.5615
22.003,10.107
22.013,9.6256
22.023,9.9898
22.033,9.8217
22.043,10.012
22.053,9.745
22.063,10.325
22.073,9.7667
22.083,10.291
22.093,9.8793
22.103,9.9303
22.113,9.8907
22.123,9.6902
22.133,9.8085
22.143,9.778
22.153,9.8601
22.163,9.8865
22.173,9.8253
22.183,9.914
22.193,9.773
22.203,9.8338
22.213,9.6738
22.222,9.7658
22.232,9.8345
22.242,9.7697
22.252,10.012
22.262,9.7283
22.272,10.013
22.282,9.634
22.292,10.103
22.302,9.5898
22.312,10.003
22.322,9.6313
22.332,9.9479
22.342,9.7413
22.352,10.12
22.362,9.7479
22.372,10.411
22.382,9.5497
22.392,10.428
22.402,9.7138
22.412,10.329
22.422,9.9838
22.432,10.211
22.442,10.059
22.452,10.083
22.462,10.057
22.472,9.9091
22.482,10.059
22.492,9.634
22.502,10.102
22.512,9.8932
22.522,10.095
22.532,9.9366
22.542,9.766
22.552,9.7272
22.562,9.6441
22.572,9.6518
22.582,9.5757
22.592,9.8003
22.602,9.3499
22.612,10.021
22.622,9.4972
22.632,10.25
22.642,9.4317
22.652,10.314
22.662,9.5635
22.672,10.33
22.682,9.6825
22.692,10.194
22.701,9.6194
22.711,10.031
22.721,9.6991
22.731,9.87
22.741,9.8509
22.751,9.7944
22.761,9.9808
22.771,9.7241
22.781,10.051
22.791,9.7139
22.801,10.085
22.811,9.7006
22.821,10.241
22.831,9.6886
22.841,10.369
22.851,9.6456
22.861,10.354
22.871,9.7621
22.881,10.215
22.891,9.7158
22.901,10.103
22.911,9.814
22.921,9.8366
22.931,9.8441
22.941,9.4826
22.951,10.001
22.961,9.3326
22.971,10.115
22.981,9.2466
22.991,10.349
23.001,8.9699
23.011,10.661
23.021,8.9333
23.031,10.604
23.041,9.0689
23.051,10.406
23.061,9.4572
23.071,10.147
23.081,10.019
23.091,9.7691
23.101,10.317
23.111,9.4207
23.121,10.49
23.131,9.052
23.141,10.788
23.151,8.8957
23.161,10.687
23.171,9.1927
23.181,10.463
23.191,9.5552
23.201,10.317
23.211,9.9236
23.221,10.121
23.231,10.191
23.24,9.8965
23.25,10.271
23.26,9.7558
23.27,10.309
23.28,9.6603
23.29,10.367
23.3,9.5386
23.31,10.115
23.32,9.4009
23.33,10.013
23.34,9.5111
23.35,9.9859
23.36,9.6714
23.37,9.8771
23.38,9.6052
23.39,9.7669
23.4,9.7024
23.41,9.9522
23.42,9.5208
23.43,10.023
23.44,9.2315
23.45,10.025
23.46,9.3632
23.47,9.8919
23.48,9.9642
23.49,9.8121
23.5,10.313
23.51,9.8006
23.52,10.249
23.53,9.4597
23.54,9.9555
23.55,9.4948
23.56,10.057
23.57,9.9113
23.58,9.9061
23.59,10.011
23.6,9.6865
23.61,10.194
23.62,9.7106
23.63,10.224
23.64,10.021
23.65,9.8853
23.66,10.298
23.67,9.4382
23.68,10.353
23.69,9.3536
23.7,10.269
23.71,9.6006
23.72,10.235
23.73,9.7923
23.739,10.055
23.749,9.8096
23.759,9.9188
23.769,9.9079
23.779,9.879
23.789,9.8161
23.799,9.7847
23.809,9.7462
23.819,9.5506
23.829,9.622
23.839,9.6314
23.849,9.7593
23.859,9.8666
23.869,9.8483
23.879,9.9245
23.889,9.7298
23.899,9.7263
23.909,9.7485
23.919,9.7069
23.929,9.9052
23.939,9.6917
23.949,10.149
23.959,9.6807
23.969,10.319
23.979,9.5744
23.989,10.26
23.999,9.3662
24.009,10.163
24.019,9.3542
24.029,10.192
24.039,9.6941
24.049,10.163
24.059,9.8827
24.069,10.257
24.079,9.9214
24.089,10.265
24.099,10.065
24.109,9.9104
24.119,9.9672
24.129,9.7331
24.139,9.8477
24.149,9.9374
24.159,9.8116
24.169,10.152
24.179,9.568
24.189,10.319
24.199,9.4054
24.209,10.264
24.218,9.3204
24.228,10.038
24.238,9.4008
24.248,9.7325
24.258,9.684
24.268,9.7561
24.278,9.5609
24.288,9.8402
24.298,9.512
24.308,9.8988
24.318,9.6907
24.328,9.688
24.338,9.8851
24.348,9.4022
24.358,10.126
24.368,9.3319
24.378,10.336
24.388,9.6051
24.398,10.4
24.408,9.7419
24.418,10.056
24.428,9.811
24.438,9.7669
24.448,10.188
24.458,9.6233
24.468,10.661
24.478,9.4885
24.488,10.9
24.498,9.2618
24.508,10.665
24.518,9.2238
24.528,10.325
24.538,9.5672
24.548,10.286
24.558,10.107
24.568,10.166
24.578,10.217
24.588,9.7383
24.598,10.059
24.608,9.1629
24.618,9.9057
24.628,8.9682
24.638,10.048
24.648,9.1339
24.658,10.261
24.668,9.2301
24.678,10.474
24.688,9.0901
24.698,10.283
24.708,8.903
24.718,10.164
24.727,8.9842
24.737,10.158
24.747,9.1455
24.757,10.179
24.767,9.4645
24.777,10.021
24.787,9.6179
24.797,10.094
24.807,9.6036
24.817,10.011
24.827,9.7697
24.837,9.9932
24.847,10.101
24.857,10.06
24.867,10.389
24.877,10.018
24.887,10.42
24.897,9.9911
24.907,10.316
24.917,10.213
24.927,10.063
24.937,10.327
24.947,9.809
24.957,10.346
24.967,9.8784
24.977,10.324
24.987,9.8748
24.997,10.115
25.007,9.6374
25.017,9.9485
25.027,9.3984
25.037,9.9241
25.047,9.6154
25.057,9.7576
25.067,9.9001
25.077,9.5121
25.087,10.298
25.097,9.1586
25.107,10.28
25.117,8.9036
25.127,10.069
25.137,8.9744
25.147,9.8991
25.157,9.278
25.167,9.814
25.177,9.7512
25.187,9.6693
25.197,10.159
25.207,9.5697
25.217,10.202
25.227,9.572
25.236,9.9384
25.246,9.7181
25.256,9.9211
25.266,10.05
25.276,10.005
25.286,10.314
25.296,10.035
25.306,10.383
25.316,9.7989
25.326,10.362
25.336,9.7043
25.346,10.316
25.356,9.9033
25.366,10.377
25.376,10.251
25.386,10.091
25.396,10.082
25.406,9.8744
25.416,9.9911
25.426,9.5775
25.436,10.36
25.446,9.2199
25.456,10.371
25.466,9.218
25.476,10.173
25.486,9.6947
25.496,9.9726
25.506,9.5711
25.516,9.9224
25.526,9.1952
25.536,10.068
25.546,8.9517
25.556,10.239
25.566,9.0476
25.576,10.099
25.586,9.2332
25.596,9.8896
25.606,9.2538
25.616,9.9585
25.626,9.1523
25.636,10.228
25.646,9.4275
25.656,10.373
25.666,9.6103
25.676,9.9161
25.686,9.9052
25.696,9.391
25.706,10.13
25.716,9.378
25.726,10.335
25.736,9.7932
25.745,10.228
25.755,10.442
25.765,10.041
25.775,10.739
25.785,9.4918
25.795,10.829
25.805,9.5227
25.815,10.676
25.825,9.9744
25.835,10.399
25.845,10.402
25.855,10.025
25.865,10.448
25.875,9.6004
25.885,10.082
25.895,9.3648
25.905,9.7747
25.915,9.4769
25.925,9.6787
25.935,9.469
25.945,9.8191
25.955,9.1009
25.965,9.9048
25.975,9.0253
25.985,9.9203
25.995,9.2843
26.005,9.8726
26.015,9.3151
26.025,9.8941
26.035,9.1839
26.045,9.6831
26.055,9.1753
26.065,9.848
26.075,9.337
26.085,10.149
26.095,9.7534
26.105,10.075
26.115,10.133
26.125,9.826
26.135,10.228
26.145,9.8353
26.155,10.091
26.165,10.219
26.175,9.9274
26.185,10.418
26.195,10.041
26.205,10.399
26.215,10.13
26.225,10.374
26.234,9.8654
26.244,10.419
26.254,9.5575
26.264,10.314
26.274,9.5072
26.284,10.436
26.294,9.6603
26.304,10.452
26.314,9.6654
26.324,10.314
26.334,9.4594
26.344,9.9592
26.354,9.103
26.364,9.695
26.374,9.2265
26.384,9.3421
26.394,9.6599
26.404,9.0161
26.414,9.8528
26.424,9.0318
26.434,9.7679
26.444,9.2094
26.454,9.7115
26.464,9.6338
26.474,9.5479
26.484,10.049
26.494,9.2699
26.504,10.588
26.514,9.1984
26.524,11.252
26.534,9.2371
26.544,11.583
26.554,9.1355
26.564,11.347
26.574,9.3392
26.584,11.171
26.594,9.7892
26.604,10.768
26.614,10.593
26.624,9.9604
26.634,10.789
26.644,9.3202
26.654,10.542
26.664,9.0219
26.674,10.423
26.684,9.0158
26.694,10.636
26.704,8.8839
26.714,10.763
26.724,8.8542
26.733,10.309
26.743,8.9381
26.753,9.8552
26.763,9.2229
26.773,9.5895
26.783,9.5066
26.793,9.2394
26.803,9.8206
26.813,9.0762
26.823,10
26.833,9.2627
26.843,10.045
26.853,9.3193
26.863,10.111
26.873,9.3864
26.883,10.316
26.893,9.3611
26.903,10.456
26.913,9.4398
26.923,10.6
26.933,9.5239
26.943,10.599
26.953,9.7425
26.963,10.524
26.973,9.709
26.983,10.029
26.993,9.8179
27.003,9.8293
27.013,10.188
27.023,10.23
27.033,10.173
27.043,10.516
27.053,9.8949
27.063,10.387
27.073,9.9699
27.083,10.23
27.093,10.205
27.103,9.8337
27.113,10.56
27.123,9.8069
27.133,10.461
27.143,9.6389
27.153,9.9281
27.163,9.2954
27.173,9.5082
27.183,9.2624
27.193,9.4281
27.203,9.4734
27.213,9.5521
27.223,9.428
27.233,9.7778
27.243,9.4972
27.253,9.8898
27.262,9.3401
27.272,9.625
27.282,9.4888
27.292,9.4177
27.302,9.8417
27.312,9.4376
27.322,10.052
27.332,9.6998
27.342,10.025
27.352,9.8438
27.362,9.9263
27.372,9.9116
27.382,10.069
27.392,10.195
27.402,10.454
27.412,10.238
27.422,10.601
27.432,10.093
27.442,10.476
27.452,10.112
27.462,10.341
27.472,10.083
27.482,10.066
27.492,9.9118
27.502,9.9175
27.512,9.8148
27.522,9.8658
27.532,9.5451
27.542,9.8585
27.552,9.2545
27.562,9.7328
27.572,9.4482
27.582,9.7893
27.592,9.8961
27.602,9.6657
27.612,10.052
27.622,9.509
27.632,9.9036
27.642,9.509
27.652,10.052
27.662,9.5004
27.672,10.114
27.682,9.7028
27.692,10.113
27.702,9.5952
27.712,9.9253
27.722,9.394
27.732,9.7807
27.742,9.5165
27.752,9.7533
27.762,9.9049
27.772,9.6483
27.782,9.9787
27.791,9.6581
27.801,10.059
27.811,9.9497
27.821,10.29
27.831,10.287
27.841,10.394
27.851,10.269
27.861,10.491
27.871,9.5256
27.881,10.748
27.891,9.2053
27.901,10.894
27.911,9.2791
27.921,10.826
27.931,9.5268
27.941,10.482
27.951,9.8598
27.961,9.945
27.971,10.067
27.981,9.3109
27.991,10.174
28.001,8.9722
28.011,10.119
28.021,8.9888
28.031,9.8482
28.041,9.1687
28.051,9.4564
28.061,9.4169
28.071,9.3225
28.081,9.3338
28.091,9.4536
28.101,9.2039
28.111,9.9365
28.121,9.416
28.131,10.383
28.141,9.5856
28.151,10.485
28.161,9.8726
28.171,10.362
28.181,10.113
28.191,10.22
28.201,10.079
28.211,10.082
28.221,10.001
28.231,9.9118
28.241,10.035
28.251,10.056
28.261,9.9172
28.271,10.405
28.281,9.6555
28.291,10.646
28.301,9.3148
28.311,10.664
28.321,9.257
28.33,10.469
28.34,9.5723
28.35,10.378
28.36,9.8709
28.37,10.085
28.38,9.969
28.39,9.8109
28.4,9.9459
28.41,9.4409
28.42,9.8965
28.43,9.1499
28.44,10.11
28.45,8.9439
28.46,10.146
28.47,9.1547
28.48,9.8866
28.49,9.2976
28.5,9.8277
28.51,9.2286
28.52,9.7129
28.53,9.0412
28.54,9.82
28.55,9.0241
28.56,10.234
28.57,9.4027
28.58,10.227
28.59,9.9212
28.6,10.066
28.61,10.17
28.62,10.037
28.63,10.396
28.64,10.062
28.65,10.61
28.66,10.119
28.67,10.725
28.68,10.108
28.69,10.724
28.7,10.049
28.71,10.645
28.72,9.8128
28.73,10.238
28.74,9.6096
28.75,10.106
28.76,9.7078
28.77,9.9564
28.78,9.9797
28.79,9.5915
28.8,10.124
28.81,9.1464
28.82,10.004
28.829,9.0144
28.839,9.8073
28.849,9.2542
28.859,9.6897
28.869,9.6965
28.879,9.5659
28.889,9.7073
28.899,9.3566
28.909,9.5852
28.919,8.9008
28.929,9.5049
28.939,8.8474
28.949,9.654
28.959,9.1627
28.969,9.9218
28.979,9.4009
28.989,10.139
28.999,9.6398
29.009,10.263
29.019,9.8506
29.029,10.184
29.039,10.061
29.049,10.104
29.059,10.297
29.069,10.215
29.079,10.747
29.089,10.424
29.099,10.911
29.109,10.658
29.119,10.448
29.129,10.344
29.139,9.9239
29.149,9.9741
29.159,10.179
29.169,10.025
29.179,10.359
29.189,10.007
29.199,10.283
29.209,9.7027
29.219,10.063
29.229,9.3894
29.239,9.9411
29.249,9.2865
29.259,9.7272
29.269,9.4796
29.279,9.4672
29.289,9.5494
29.299,9.1111
29.309,9.2973
29.319,8.6728
29.329,9.1505
29.338,8.6284
29.348,9.5662
29.358,8.7385
29.368,9.8799
29.378,9.0792
29.388,10.106
29.398,9.66
29.408,10.118
29.418,9.9989
29.428,10.068
29.438,10.074
29.448,10.09
29.458,10.285
29.468,10.246
29.478,10.565
29.488,10.439
29.498,10.412
29.508,10.497
29.518,10.011
29.528,10.667
29.538,9.7938
29.548,11.02
29.558,9.3901
29.568,11.124
29.578,9.2175
29.588,10.907
29.598,9.3147
29.608,10.533
29.618,9.496
29.628,10.057
29.638,9.9425
29.648,9.5814
29.658,10.202
29.668,9.1533
29.678,10.227
29.688,8.9509
29.698,10.066
29.708,8.5926
29.718,10.001
29.728,8.3311
29.738,10.09
29.748,8.3634
29.758,9.8262
29.768,8.4649
29.778,9.2987
29.788,8.7626
29.798,9.1997
29.808,9.3904
29.818,9.391
29.828,10.141
29.837,9.7058
29.847,10.48
29.857,9.7085
29.867,10.495
29.877,9.7938
29.887,10.661
29.897,9.953
29.907,10.872
29.917,10.095
29.927,10.924
29.937,10.33
29.947,11.034
29.957,10.21
29.967,11.024
29.977,9.7262
29.987,10.578
29.997,9.4537
30.007,10.102
30.017,9.5543
30.027,10.083
30.037,9.6865
30.047,10.14
30.057,9.3536
30.067,10.135
30.077,8.8881
30.087,10.251
30.097,8.8921
30.107,10.306
30.117,9.0533
30.127,10.009
30.137,8.9421
30.147,9.5732
30.157,9.0328
30.167,9.2163
30.177,9.228
30.187,9.1391
30.197,9.5186
30.207,9.2692
30.217,9.5813
30.227,9.5259
30.237,9.5641
30.247,9.8877
30.257,9.6653
30.267,10.249
30.277,9.7774
30.287,10.201
30.297,10.121
30.307,10.379
30.317,10.602
30.327,10.241
30.337,10.753
30.347,9.7444
30.357,10.836
30.367,9.6359
30.376,10.997
30.386,9.5132
30.396,11.123
30.406,9.2413
30.416,11.054
30.426,9.2321
30.436,10.986
30.446,9.1623
30.456,10.694
30.466,9.3844
30.476,10.293
30.486,9.55
30.496,9.9437
30.506,9.2811
30.516,9.7205
30.526,9.2424
30.536,9.6822
30.546,9.2524
30.556,9.6206
30.566,9.0099
30.576,9.5368
30.586,8.9406
30.596,9.5004
30.606,9.0255
30.616,9.7482
30.626,9.3021
30.636,9.844
30.646,9.6395
30.656,9.9762
30.666,9.8729
30.676,10.069
30.686,9.9509
30.696,10.081
30.706,9.8802
30.716,10.181
30.726,9.8566
30.736,10.373
30.746,9.8446
30.756,10.381
30.766,9.8977
30.776,10.227
30.786,10.211
30.796,9.8968
30.806,10.668
30.816,9.6051
30.826,10.876
30.836,9.4498
30.846,10.875
30.856,9.3406
30.866,10.899
30.876,9.5346
30.886,10.935
30.895,9.8188
30.905,10.685
30.915,9.6281
30.925,10.228
30.935,9.3849
30.945,9.5705
30.955,9.1213
30.965,9.293
30.975,8.7584
30.985,9.0541
30.995,8.6635
31.005,8.867
31.015,8.8354
31.025,8.9966
31.035,9.2624
31.045,9.4591
31.055,9.6602
31.065,9.7828
31.075,9.8811
31.085,9.8857
31.095,10.058
31.105,10.134
31.115,10.409
31.125,10.382
31.135,10.637
31.145,10.511
31.155,10.617
31.165,10.357
31.175,10.378
31.185,9.9748
31.195,10.225
31.205,9.8136
31.215,10.274
31.225,9.9012
31.235,10.283
31.245,10.041
31.255,10.373
31.265,10.049
31.275,10.28
31.285,9.9341
31.295,10.18
31.305,9.5823
31.315,10.227
31.325,9.1741
31.335,10.417
31.345,8.8842
31.355,10.43
31.365,8.8057
31.375,10.168
31.385,8.643
31.395,9.781
31.404,8.9388
31.414,9.5271
31.424,9.2383
31.434,9.4189
31.444,9.3867
31.454,9.3702
31.464,9.3023
31.474,9.278
31.484,9.2963
31.494,9.334
31.504,9.3575
31.514,9.6003
31.524,9.5974
31.534,9.8642
31.544,9.8845
31.554,10.061
31.564,10.206
31.574,10.557
31.584,10.621
31.594,10.726
31.604,10.826
31.614,10.567
31.624,10.512
31.634,10.527
31.644,10.282
31.654,10.521
31.664,10.318
31.674,10.574
31.684,10.314
31.694,10.585
31.704,9.9275
31.714,10.217
31.724,9.3982
31.734,9.7846
31.744,9.2825
31.754,9.5546
31.764,9.3973
31.774,9.2074
31.784,9.7123
31.794,8.8475
31.804,9.9597
31.814,8.3143
31.824,10.22
31.834,8.0287
31.844,10.519
31.854,8.1136
31.864,10.559
31.874,8.1064
31.884,10.725
31.894,8.1974
31.904,10.585
31.914,8.4757
31.923,10.372
31.933,8.9536
31.943,10.387
31.953,9.4272
31.963,10.292
31.973,9.8513
31.983,10.341
31.993,10.214
32.003,10.603
32.013,10.442
32.023,10.611
32.033,10.693
32.043,10.622
32.053,10.982
32.063,10.634
32.073,11.066
32.083,10.504
32.093,10.797
32.103,10.248
32.113,10.275
32.123,9.7697
32.133,9.8369
32.143,9.4781
32.153,9.463
32.163,9.682
32.173,9.0476
32.183,9.816
32.193,8.7724
32.203,9.7492
32.213,8.4435
32.223,9.8107
32.233,8.1447
32.243,9.8992
32.253,8.1317
32.263,9.8051
32.273,8.6245
32.283,9.7182
32.293,9.2499
32.303,9.7588
32.313,9.7813
32.323,9.7724
32.333,9.9783
32.343,9.7313
32.353,9.9625
32.363,9.7477
32.373,10.16
32.383,9.8955
32.393,10.23
32.403,9.963
32.413,10.377
32.423,10.045
32.433,10.566
32.442,10.068
32.452,10.38
32.462,10.164
32.472,10.094
32.482,10.321
32.492,10.106
32.502,10.565
32.512,10.341
32.522,10.506
32.532,10.349
32.542,10.384
32.552,10.271
32.562,10.248
32.572,10.209
32.582,10.169
32.592,10.01
32.602,9.9748
32.612,9.7102
32.622,9.6831
32.632,9.1897
32.642,9.3373
32.652,8.9355
32.662,9.0839
32.672,8.8176
32.682,8.8436
32.692,8.9664
32.702,8.83
32.712,8.9687
32.722,9.0065
32.732,9.0527
32.742,9.268
32.752,9.0869
32.762,9.5337
32.772,9.3178
32.782,9.9128
32.792,9.759
32.802,10.495
32.812,10.279
32.822,10.785
32.832,10.477
32.842,10.893
32.852,10.243
32.862,10.567
32.872,10.101
32.882,10.26
32.892,10.536
32.902,10.189
32.912,10.742
32.922,10.045
32.932,10.57
32.941,9.8184
32.951,10.567
32.961,9.7747
32.971,10.585
32.981,9.6958
32.991,10.56
33.001,9.5636
33.011,10.257
33.021,9.3364
33.031,10.231
33.041,9.1996
33.051,10.196
33.061,9.0009
33.071,9.5563
33.081,8.778
33.091,8.9839
33.101,8.949
33.111,8.573
33.121,9.1304
33.131,8.5721
33.141,9.4636
33.151,8.9011
33.161,9.7748
33.171,9.0129
33.181,9.7524
33.191,9.294
33.201,9.8816
33.211,9.8595
33.221,9.9989
33.231,10.448
33.241,10.222
33.251,10.901
33.261,10.184
33.271,10.8
33.281,9.8783
33.291,10.368
33.301,9.7275
33.311,10.22
33.321,10.234
33.331,10.281
33.341,10.614
33.351,10.072
33.361,10.533
33.371,9.9036
33.381,10.361
33.391,9.8682
33.401,10.163
33.411,9.9203
33.421,10.106
33.431,9.9583
33.44,10.173
33.45,9.873
33.46,9.8751
33.47,9.3434
33.48,9.5202
33.49,8.8207
33.5,9.3838
33.51,8.6743
33.52,9.4449
33.53,8.8571
33.54,9.5816
33.55,8.9388
33.56,9.4686
33.57,8.9135
33.58,9.3069
33.59,9.0363
33.6,9.419
33.61,9.4371
33.62,9.6672
33.63,9.9217
33.64,9.9594
33.65,10.285
33.66,9.9793
33.67,10.256
33.68,9.9128
33.69,10.357
33.7,10.192
33.71,10.712
33.72,10.576
33.73,10.504
33.74,10.625
33.75,10.088
33.76,10.688
33.77,10.097
33.78,10.857
33.79,9.8859
33.8,10.975
33.81,9.4933
33.82,10.989
33.83,9.1053
33.84,10.928
33.85,8.8312
33.86,10.686
33.87,8.7745
33.88,10.445
33.89,8.7084
33.9,10.172
33.91,8.7634
33.92,9.9115
33.929,8.6198
33.939,9.738
33.949,8.4686
33.959,9.6218
33.969,8.6194
33.979,9.5183
33.989,8.8432
33.999,9.3729
34.009,8.984
34.019,9.5883
34.029,9.2794
34.039,9.8268
34.049,9.7152
34.059,10.087
34.069,10.067
34.079,10.148
34.089,10.217
34.099,10.194
34.109,10.353
34.119,10.298
34.129,10.465
34.139,10.241
34.149,10.437
34.159,10.326
34.169,10.532
34.179,10.494
34.189,10.612
34.199,10.472
34.209,10.383
34.219,10.229
34.229,10.316
34.239,9.9697
34.249,10.169
34.259,9.9501
34.269,9.9233
34.279,9.8931
34.289,9.6596
34.299,9.5416
34.309,9.3874
34.319,9.4247
34.329,9.4045
34.339,9.3398
34.349,9.3497
34.359,9.1542
34.369,9.2139
34.379,9.1318
34.389,9.4933
34.399,9.2077
34.408,9.5103
34.418,9.1165
34.428,9.3406
34.438,9.287
34.448,9.4642
34.458,9.6244
34.468,9.5834
34.478,9.825
34.488,9.7486
34.498,9.9323
34.508,9.9055
34.518,9.9194
34.528,10.031
34.538,10.022
34.548,10.403
34.558,10.232
34.568,10.674
34.578,10.214
34.588,10.54
34.598,10.26
34.608,10.545
34.618,10.165
34.628,10.587
34.638,9.9283
34.648,10.71
34.658,9.8061
34.668,10.648
34.678,9.5681
34.688,10.381
34.698,9.3632
34.708,10.183
34.718,9.2374
34.728,10.049
34.738,9.2695
34.748,9.7869
34.758,9.344
34.768,9.5838
34.778,9.3162
34.788,9.4675
34.798,9.363
34.808,9.3524
34.818,9.3834
34.828,9.5296
34.838,9.4021
34.848,9.4108
34.858,9.36
34.868,9.2425
34.878,9.5793
34.887,9.2466
34.897,9.8998
34.907,9.366
34.917,10.096
34.927,9.6847
34.937,10.226
34.947,9.8819
34.957,10.332
34.967,9.8042
34.977,10.562
34.987,9.8947
34.997,10.838
35.007,9.8082
35.017,11.004
35.027,9.6578
35.037,10.885
35.047,9.7105
35.057,10.537
35.067,10.045
35.077,10.344
35.087,10.476
35.097,10.231
35.107,10.522
35.117,9.853
35.127,10.339
35.137,9.6946
35.147,10.14
35.157,9.8592
35.167,9.7667
35.177,9.9272
35.187,9.2678
35.197,9.7132
35.207,8.9661
35.217,9.2277
35.227,9.0316
35.237,8.9593
35.247,9.5061
35.257,8.8749
35.267,9.7048
35.277,9.1065
35.287,9.6666
35.297,9.3802
35.307,9.5412
35.317,9.6691
35.327,9.5665
35.337,10.052
35.347,9.9712
35.357,10.146
35.367,10.339
35.376,10.049
35.386,10.46
35.396,10.299
35.406,10.498
35.416,10.517
35.426,10.371
35.436,10.629
35.446,10.098
35.456,10.562
35.466,9.989
35.476,10.494
35.486,10.027
35.496,10.348
35.506,10.11
35.516,9.8028
35.526,10.252
35.536,9.4064
35.546,10.28
35.556,9.3069
35.566,10.221
35.576,9.1765
35.586,10.343
35.596,8.9846
35.606,10.16
35.616,8.7737
35.626,10.124
35.636,8.7336
35.646,9.8862
35.656,8.9165
35.666,9.5344
35.676,9.0659
35.686,9.34
35.696,9.3939
35.706,9.1581
35.716,9.6162
