0,9.8929
0.01,9.9077
0.02,9.8289
0.03,9.9009
0.04,9.9128
0.05,9.8287
0.06,9.8883
0.07,9.9054
0.08,9.8096
0.09,9.8934
0.1,9.9175
0.11,9.8191
0.12,9.8955
0.13,9.9128
0.14,9.8193
0.15,9.8914
0.16,9.9057
0.17,9.8122
0.18,9.8935
0.19,9.9082
0.2,9.834
0.21,9.9106
0.22,9.8983
0.23,9.8167
0.24,9.9149
0.25,9.8932
0.259,9.8359
0.269,9.9052
0.279,9.8959
0.289,9.8164
0.299,9.886
0.309,9.886
0.319,9.8069
0.329,9.8835
0.339,9.8952
0.349,9.8402
0.359,9.9194
0.369,9.8741
0.379,9.8191
0.389,9.8934
0.399,9.9033
0.409,9.8429
0.419,9.8816
0.429,9.891
0.439,9.8573
0.449,9.879
0.459,9.8935
0.469,9.8527
0.479,9.8673
0.489,9.894
0.499,9.8697
0.509,9.8678
0.519,9.8871
0.529,9.8658
0.539,9.8631
0.549,9.9042
0.559,9.8537
0.569,9.8706
0.579,9.9091
0.589,9.878
0.599,9.8395
0.609,9.9113
0.619,9.8539
0.629,9.8585
0.639,9.9185
0.648,9.8589
0.658,9.8631
0.668,9.9064
0.678,9.8465
0.688,9.8582
0.698,9.9036
0.708,9.8389
0.718,9.8723
0.728,9.9272
0.738,9.8193
0.748,9.8485
0.758,9.9127
0.768,9.8386
0.778,9.8482
0.788,9.9152
0.798,9.8459
0.808,9.8482
0.818,9.9012
0.828,9.8507
0.838,9.8652
0.848,9.8841
0.858,9.8871
0.868,9.8675
0.878,9.8724
0.888,9.8702
0.898,9.8438
0.908,9.8823
0.918,9.8799
0.928,9.8486
0.938,9.8655
0.948,9.8679
0.958,9.8702
0.968,9.8657
0.978,9.8898
0.988,9.8709
0.998,9.8681
1.008,9.8539
1.018,9.878
1.028,9.8586
1.037,9.8685
1.047,9.8833
1.057,9.8757
1.067,9.8687
1.077,9.8684
1.087,9.8733
1.097,9.8518
1.107,9.8492
1.117,9.8757
1.127,9.8829
1.137,9.8832
1.147,9.8639
1.157,9.8563
1.167,9.873
1.177,9.8658
1.187,9.885
1.197,9.8756
1.207,9.8898
1.217,9.8754
1.227,9.885
1.237,9.8585
1.247,9.8943
1.257,9.8872
1.267,9.8416
1.277,9.8636
1.287,9.8756
1.297,9.8491
1.307,9.8706
1.317,9.8827
1.327,9.8372
1.337,9.8756
1.347,9.8802
1.357,9.8706
1.367,9.8778
1.377,9.8634
1.387,9.8636
1.397,9.8681
1.407,9.8681
1.417,9.8703
1.426,9.8681
1.436,9.8658
1.446,9.8679
1.456,9.8678
1.466,9.87
1.476,9.8748
1.486,9.882
1.496,9.8465
1.506,9.8751
1.516,9.8654
1.526,9.861
1.536,9.866
1.546,9.863
1.556,9.8491
1.566,9.8804
1.576,9.8705
1.586,9.8709
1.596,9.8685
1.606,9.8566
1.616,9.8757
1.626,9.8898
1.636,9.8639
1.646,9.878
1.656,9.8781
1.666,9.8684
1.676,9.885
1.686,9.8685
1.696,9.8784
1.706,9.8492
1.716,9.878
1.726,9.854
1.736,9.8757
1.746,9.8754
1.756,9.8824
1.766,9.8682
1.776,9.8539
1.786,9.8684
1.796,9.8705
1.806,9.8655
1.816,9.8613
1.826,9.8684
1.836,9.8753
1.846,9.8703
1.855,9.863
1.865,9.8772
1.875,9.8724
1.885,9.863
1.895,9.9036
1.905,9.8819
1.915,9.8625
1.925,9.8819
1.935,9.8768
1.945,9.8771
1.955,9.8766
1.965,9.8886
1.975,9.8766
1.985,9.8694
1.995,9.8814
2.005,9.867
2.015,9.8555
2.025,9.8528
2.035,9.8576
2.045,9.8772
2.055,9.8699
2.065,9.8678
2.075,9.8678
2.085,9.8801
2.095,9.8989
2.105,9.8871
2.115,9.8679
2.125,9.8681
2.135,9.8676
2.145,9.8703
2.155,9.8727
2.165,9.8631
2.175,9.8772
2.185,9.875
2.195,9.8798
2.205,9.8845
2.215,9.8727
2.225,9.8486
2.235,9.8627
2.245,9.8747
2.255,9.8748
2.264,9.8675
2.274,9.8675
2.284,9.8844
2.294,9.8649
2.304,9.8675
2.314,9.8841
2.324,9.8622
2.334,9.8624
2.344,9.8817
2.354,9.8649
2.364,9.8819
2.374,9.8747
2.384,9.8576
2.394,9.8769
2.404,9.886
2.414,9.8744
2.424,9.8619
2.434,9.8884
2.444,9.8597
2.454,9.8595
2.464,9.8814
2.474,9.8645
2.484,9.8621
2.494,9.8691
2.504,9.869
2.514,9.8595
2.524,9.8667
2.534,9.8573
2.544,9.8645
2.554,9.8934
2.564,9.867
2.574,9.8792
2.584,9.8718
2.594,9.8958
2.604,9.8839
2.614,9.8862
2.624,9.8649
2.634,9.882
2.643,9.8673
2.653,9.8601
2.663,9.8793
2.673,9.8694
2.683,9.8622
2.693,9.8552
2.703,9.8768
2.713,9.867
2.723,9.8813
2.733,9.8672
2.743,9.8862
2.753,9.8792
2.763,9.8887
2.773,9.8744
2.783,9.8625
2.793,9.8552
2.803,9.8748
2.813,9.8721
2.823,9.8527
2.833,9.8745
2.843,9.8555
2.853,9.8675
2.863,9.8646
2.873,9.8768
2.883,9.8552
2.893,9.8696
2.903,9.8721
2.913,9.867
2.923,9.8814
2.933,9.8669
2.943,9.8742
2.953,9.8622
2.963,9.8742
2.973,9.8859
2.983,9.8619
2.993,9.8592
3.003,9.881
3.012,9.857
3.022,9.8618
3.032,9.8907
3.042,9.8835
3.052,9.8715
3.062,9.8811
3.072,9.8929
3.082,9.8838
3.092,9.8811
3.102,9.8715
3.112,9.8763
3.122,9.8887
3.132,9.8455
3.142,9.8715
3.152,9.8717
3.162,9.8597
3.172,9.8624
3.182,9.8648
3.192,9.8432
3.202,9.8795
3.212,9.8673
3.222,9.8386
3.232,9.8887
3.242,9.8482
3.252,9.8745
3.262,9.8938
3.272,9.8609
3.282,9.8771
3.292,9.9016
3.302,9.8459
3.312,9.8675
3.322,9.8892
3.332,9.8507
3.342,9.8799
3.352,9.8914
3.362,9.8392
3.372,9.894
3.382,9.8799
3.392,9.8366
3.401,9.9012
3.411,9.894
3.421,9.8459
3.431,9.9106
3.441,9.8651
3.451,9.8554
3.461,9.9057
3.471,9.8506
3.481,9.8485
3.491,9.903
3.501,9.8673
3.511,9.8672
3.521,9.8959
3.531,9.848
3.541,9.867
3.551,9.8935
3.561,9.8408
3.571,9.8744
3.581,9.8937
3.591,9.8554
3.601,9.9033
3.611,9.8774
3.621,9.8604
3.631,9.906
3.641,9.9012
3.651,9.8606
3.661,9.9131
3.671,9.8845
3.681,9.8633
3.691,9.9012
3.701,9.8916
3.711,9.8603
3.721,9.8895
3.731,9.8726
3.741,9.8509
3.751,9.8507
3.761,9.8576
3.771,9.8263
3.78,9.8625
3.79,9.853
3.8,9.8289
3.81,9.8554
3.82,9.8672
3.83,9.8363
3.84,9.8796
3.85,9.8678
3.86,9.8438
3.87,9.8991
3.88,9.8756
3.89,9.8419
3.9,9.8994
3.91,9.8682
3.92,9.8612
3.93,9.9215
3.94,9.873
3.95,9.861
3.96,9.9232
3.97,9.8537
3.98,9.8555
3.99,9.9155
4,9.8365
4.01,9.8625
4.02,9.9054
4.03,9.8194
4.04,9.8598
4.05,9.9006
4.06,9.8119
4.07,9.8792
4.08,9.906
4.09,9.8173
4.1,9.894
4.11,9.923
4.12,9.8319
4.13,9.9086
4.14,9.8871
4.15,9.8127
4.159,9.945
4.169,9.8926
4.179,9.8446
4.189,9.9547
4.199,9.8711
4.209,9.8832
4.219,9.9697
4.229,9.8931
4.239,9.8739
4.249,9.9694
4.259,9.8688
4.269,9.8634
4.279,9.9377
4.289,9.8344
4.299,9.8624
4.309,9.9101
4.319,9.8137
4.329,9.8181
4.339,9.8586
4.349,9.7796
4.359,9.7937
4.369,9.8513
4.379,9.8015
4.389,9.8492
4.399,9.8881
4.409,9.8479
4.419,9.8337
4.429,9.882
4.439,9.861
4.449,9.8709
4.459,9.9019
4.469,9.8759
4.479,9.8754
4.489,9.9381
4.499,9.8805
4.509,9.8874
4.519,9.923
4.529,9.8606
4.538,9.8455
4.548,9.8887
4.558,9.8621
4.568,9.85
4.578,9.8664
4.588,9.8519
4.598,9.8398
4.608,9.8711
4.618,9.8137
4.628,9.8402
4.638,9.9049
4.648,9.8357
4.658,9.8908
4.668,9.9006
4.678,9.8389
4.688,9.8771
4.698,9.8868
4.708,9.8554
4.718,9.901
4.728,9.8842
4.738,9.8434
4.748,9.8763
4.758,9.8763
4.768,9.8763
4.778,9.8474
4.788,9.8666
4.798,9.8594
4.808,9.8428
4.818,9.8786
4.828,9.8595
4.838,9.8525
4.848,9.8527
4.858,9.8648
4.868,9.8555
4.878,9.8654
4.888,9.8992
4.898,9.8778
4.908,9.8922
4.918,9.9088
4.927,9.863
4.937,9.8895
4.947,9.9065
4.957,9.8221
4.967,9.9079
4.977,9.8768
4.987,9.8335
4.997,9.8594
5.007,9.8669
5.017,9.809
5.027,9.8931
5.037,9.8643
5.047,9.8378
5.057,9.8883
5.067,9.8524
5.077,9.8573
5.087,9.881
5.097,9.8503
5.107,9.8789
5.117,9.9055
5.127,9.8503
5.137,9.867
5.147,9.8931
5.157,9.8763
5.167,9.8738
5.177,9.8881
5.187,9.8375
5.197,9.8829
5.207,9.8807
5.217,9.8422
5.227,9.8807
5.237,9.8708
5.247,9.8542
5.257,9.878
5.267,9.876
5.277,9.876
5.287,9.845
5.296,9.8669
5.306,9.8813
5.316,9.8572
5.326,9.8672
5.336,9.898
5.346,9.8646
5.356,9.891
5.366,9.8908
5.376,9.886
5.386,9.8789
5.396,9.8597
5.406,9.8546
5.416,9.8618
5.426,9.8643
5.436,9.8572
5.446,9.8642
5.456,9.8763
5.466,9.8548
5.476,9.857
5.486,9.8908
5.496,9.8765
5.506,9.8642
5.516,9.8859
5.526,9.8666
5.536,9.8883
5.546,9.8931
5.556,9.8714
5.566,9.8717
5.576,9.8573
5.586,9.8524
5.596,9.9001
5.606,9.8521
5.616,9.8545
5.626,9.881
5.636,9.8567
5.646,9.8521
5.656,9.8757
5.666,9.8732
5.675,9.8711
5.685,9.8901
5.695,9.8634
5.705,9.878
5.715,9.8708
5.725,9.8732
5.735,9.8877
5.745,9.878
5.755,9.8804
5.765,9.883
5.775,9.8589
5.785,9.8682
5.795,9.8733
5.805,9.8637
5.815,9.8637
5.825,9.8684
5.835,9.8564
5.845,9.8685
5.855,9.8685
5.865,9.8759
5.875,9.8829
5.885,9.8615
5.895,9.8589
5.905,9.8688
5.915,9.8425
5.925,9.8642
5.935,9.8762
5.945,9.8642
5.955,9.8667
5.965,9.881
5.975,9.8642
5.985,9.8646
5.995,9.8741
6.005,9.8693
6.015,9.8598
6.025,9.8863
6.035,9.8792
6.045,9.8765
6.054,9.8908
6.064,9.8667
6.074,9.8501
6.084,9.8784
6.094,9.8522
6.104,9.8616
6.114,9.8666
6.124,9.8905
6.134,9.8763
6.144,9.869
6.154,9.9073
6.164,9.8567
6.174,9.864
6.184,9.8663
6.194,9.8684
6.204,9.8783
6.214,9.8735
6.224,9.8757
6.234,9.8757
6.244,9.8589
6.254,9.8709
6.264,9.8733
6.274,9.8757
6.284,9.8851
6.294,9.8851
6.304,9.8591
6.314,9.8762
6.324,9.8856
6.334,9.8616
6.344,9.8856
6.354,9.8738
6.364,9.8637
6.374,9.881
6.384,9.8813
6.394,9.8717
6.404,9.8646
6.413,9.8598
6.423,9.8816
6.433,9.8693
6.443,9.8645
6.453,9.8697
6.463,9.8863
6.473,9.8601
6.483,9.8793
6.493,9.8646
6.503,9.8796
6.513,9.8819
6.523,9.8747
6.533,9.867
6.543,9.8836
6.553,9.8742
6.563,9.8718
6.573,9.8718
6.583,9.8793
6.593,9.8817
6.603,9.86
6.613,9.8551
6.623,9.8576
6.633,9.8648
6.643,9.8597
6.653,9.8672
6.663,9.8886
6.673,9.8839
6.683,9.8744
6.693,9.8742
6.703,9.8887
6.713,9.8768
6.723,9.8838
6.733,9.8739
6.743,9.8548
6.753,9.8787
6.763,9.8572
6.773,9.8741
6.782,9.8648
6.792,9.8667
6.802,9.8646
6.812,9.8597
6.822,9.8694
6.832,9.8911
6.842,9.8669
6.852,9.8768
6.862,9.8789
6.872,9.879
6.882,9.8884
6.892,9.867
6.902,9.8862
6.912,9.8792
6.922,9.8908
6.932,9.8672
6.942,9.8697
6.952,9.8768
6.962,9.8744
6.972,9.901
6.982,9.8673
6.992,9.87
7.002,9.8699
7.012,9.8628
7.022,9.8534
7.032,9.8821
7.042,9.8485
7.052,9.8678
7.062,9.8652
7.072,9.8582
7.082,9.856
7.092,9.8678
7.102,9.8751
7.112,9.8702
7.122,9.8869
7.132,9.8561
7.141,9.8682
7.151,9.8631
7.161,9.8751
7.171,9.8702
7.181,9.8775
7.191,9.8774
7.201,9.8774
7.211,9.8747
7.221,9.8723
7.231,9.8748
7.241,9.8817
7.251,9.8603
7.261,9.8696
7.271,9.8769
7.281,9.8672
7.291,9.889
7.301,9.8693
7.311,9.8696
7.321,9.8694
7.331,9.8717
7.341,9.8694
7.351,9.8742
7.361,9.8672
7.371,9.8624
7.381,9.8741
7.391,9.8575
7.401,9.8937
7.411,9.8865
7.421,9.8694
7.431,9.8601
7.441,9.8699
7.451,9.8772
7.461,9.8649
7.471,9.8842
7.481,9.8842
7.491,9.8676
7.501,9.8699
7.511,9.8652
7.52,9.8649
7.53,9.8724
7.54,9.8753
7.55,9.8631
7.56,9.8821
7.57,9.9064
7.58,9.8537
7.59,9.8654
7.6,9.8848
7.61,9.8488
7.62,9.8795
7.63,9.9062
7.64,9.8419
7.65,9.8702
7.66,9.8774
7.67,9.8344
7.68,9.894
7.69,9.8582
7.7,9.8389
7.71,9.9128
7.72,9.8675
7.73,9.8414
7.74,9.9176
7.75,9.8651
7.76,9.8386
7.77,9.9368
7.78,9.8509
7.79,9.817
7.8,9.9271
7.81,9.841
7.82,9.8601
7.83,9.9293
7.84,9.8217
7.85,9.8766
7.86,9.9271
7.87,9.8121
7.88,9.8887
7.89,9.8983
7.899,9.8167
7.909,9.9027
7.919,9.9055
7.929,9.8238
7.939,9.9293
7.949,9.8792
7.959,9.8265
7.969,9.9314
7.979,9.86
7.989,9.8313
7.999,9.9461
8.009,9.8453
8.019,9.8214
8.029,9.9341
8.039,9.831
8.049,9.8381
8.059,9.9269
8.069,9.8268
8.079,9.8747
8.089,9.9274
8.099,9.8052
8.109,9.8961
8.119,9.8983
8.129,9.8024
8.139,9.9098
8.149,9.8741
8.159,9.7612
8.169,9.9046
8.179,9.842
8.189,9.7917
8.199,9.9067
8.209,9.8497
8.219,9.8624
8.229,9.9516
8.239,9.8714
8.249,9.8932
8.259,9.9896
8.269,9.8919
8.278,9.9229
8.288,10.004
8.298,9.9223
8.308,9.9092
8.318,9.954
8.328,9.8287
8.338,9.8904
8.348,9.9065
8.358,9.8417
8.368,9.9139
8.378,9.9239
8.388,9.8787
8.398,9.9467
8.408,9.9762
8.418,9.9553
8.428,10.067
8.438,10.085
8.448,10.157
8.458,10.3
8.468,10.283
8.478,10.248
8.488,10.187
8.498,10.264
8.508,10.258
8.518,10.281
8.528,10.293
8.538,10.383
8.548,10.349
8.558,10.534
8.568,10.325
8.578,10.569
8.588,10.092
8.598,10.359
8.608,9.7678
8.618,10.029
8.628,9.4892
8.638,9.6447
8.648,9.1244
8.658,9.2888
8.667,8.9328
8.677,9.012
8.687,9.1053
8.697,9.2288
8.707,9.1578
8.717,8.9906
8.727,9.0792
8.737,8.834
8.747,9.0629
8.757,9.1702
8.767,9.1342
8.777,9.518
8.787,9.2394
8.797,9.8991
8.807,9.4633
8.817,10.109
8.827,9.5873
8.837,10.323
8.847,9.9604
8.857,10.559
8.867,10.272
8.877,10.564
8.887,10.459
8.897,10.543
8.907,10.709
8.917,10.391
8.927,10.83
8.937,10.01
8.947,10.597
8.957,10.029
8.967,10.24
8.977,9.9688
8.987,9.7341
8.997,9.6745
9.007,9.6365
9.017,9.7648
9.027,9.7311
9.037,9.6106
9.047,9.4033
9.056,9.4219
9.066,9.1903
9.076,9.1348
9.086,9.0024
9.096,9.0387
9.106,9.0779
9.116,9.2999
9.126,9.4554
9.136,9.6533
9.146,9.6621
9.156,9.822
9.166,9.7878
9.176,9.889
9.186,9.8769
9.196,10.016
9.206,10.017
9.216,10.146
9.226,10.107
9.236,10.201
9.246,10.142
9.256,10.161
9.266,10.077
9.276,10.055
9.286,10.028
9.296,10.084
9.306,10.08
9.316,10.034
9.326,9.9405
9.336,9.8093
9.346,9.714
9.356,9.6787
9.366,9.6554
9.376,9.6733
9.386,9.7042
9.396,9.6757
9.406,9.7191
9.416,9.7155
9.426,9.7362
9.436,9.795
9.446,9.8666
9.455,9.8757
9.465,9.9829
9.475,9.9817
9.485,10.055
9.495,10.045
9.505,10.005
9.515,9.9658
9.525,9.9317
9.535,9.9086
9.545,9.9048
9.555,9.9007
9.565,9.8685
9.575,9.8435
9.585,9.795
9.595,9.7584
9.605,9.7585
9.615,9.7829
9.625,9.7979
9.635,9.8591
9.645,9.8627
9.655,9.9146
9.665,9.9619
9.675,9.9925
9.685,10.098
9.695,10.263
9.705,10.275
9.715,10.336
9.725,10.323
9.735,10.484
9.745,10.736
9.755,11.029
9.765,10.97
9.775,11.069
9.785,10.864
9.795,11.071
9.805,10.957
9.815,10.636
9.825,10.46
9.834,9.7679
9.844,9.5781
9.854,9.0939
9.864,9.2551
9.874,9.3156
9.884,9.7088
9.894,9.4967
9.904,9.844
9.914,9.494
9.924,10.025
9.934,9.7197
9.944,10.248
9.954,9.7233
9.964,10.172
9.974,10.121
9.984,11.084
9.994,11.376
10.004,11.517
10.014,11.587
10.024,11.452
10.034,11.474
10.044,11.58
10.054,11.476
10.064,11.169
10.074,10.215
10.084,9.8992
10.094,9.491
10.104,8.865
10.114,8.664
10.124,8.0898
10.134,7.263
10.144,7.4877
10.154,7.787
10.164,8.6495
10.174,8.9984
10.184,9.3765
10.194,9.3879
10.204,10.088
10.214,10.476
10.223,11.254
10.233,11.631
10.243,12.523
10.253,12.253
10.263,12.07
10.273,11.641
10.283,10.639
10.293,10.065
10.303,9.4813
10.313,9.5861
10.323,8.664
10.333,8.0495
10.343,7.2539
10.353,7.2666
10.363,7.6338
10.373,7.8148
10.383,8.2854
10.393,8.352
10.403,8.7405
10.413,9.3847
10.423,9.5901
10.433,9.7793
10.443,9.8006
10.453,10.776
10.463,11.413
10.473,11.964
10.483,11.467
10.493,11.462
10.503,11.295
10.513,10.484
10.523,10.198
10.533,9.5982
10.543,9.6301
10.553,8.9084
10.563,9.1587
10.573,8.438
10.583,8.7912
10.593,7.9838
10.603,8.753
10.613,8.7008
10.622,9.9314
10.632,10.138
10.642,11.153
10.652,11.068
10.662,11.664
10.672,11.241
10.682,11.717
10.692,10.935
10.702,10.925
10.712,10.483
10.722,10.282
10.732,9.6789
10.742,9.5102
10.752,8.9708
10.762,8.4845
10.772,7.8949
10.782,8.0711
10.792,8.0524
10.802,8.1784
10.812,8.3817
10.822,8.947
10.832,9.313
10.842,9.7161
10.852,9.888
10.862,10.371
10.872,10.568
10.882,10.463
10.892,10.367
10.902,10.485
10.912,10.476
10.922,10.765
10.932,10.576
10.942,10.402
10.952,10.197
10.962,9.8488
10.972,9.5492
10.982,9.144
10.992,8.7629
11.001,8.6038
11.011,8.9146
11.021,9.4738
11.031,9.6443
11.041,9.8795
11.051,9.9435
11.061,10.349
11.071,10.59
11.081,10.774
11.091,10.709
11.101,10.613
11.111,10.339
11.121,10.179
11.131,10.109
11.141,9.8402
11.151,9.4513
11.161,9.6808
11.171,9.7039
11.181,9.7817
11.191,9.4522
11.201,9.3587
11.211,9.3865
11.221,9.4373
11.231,9.3765
11.241,9.0952
11.251,8.8759
11.261,9.1599
11.271,9.4781
11.281,9.8319
11.291,9.9872
11.301,10.115
11.311,10.576
11.321,10.719
11.331,10.66
11.341,10.683
11.351,10.626
11.361,10.376
11.371,10.194
11.38,9.8109
11.39,10.1
11.4,10.077
11.41,10.055
11.42,9.9453
11.43,9.5955
11.44,9.4416
11.45,9.6905
11.46,9.3612
11.47,9.3786
11.48,9.4046
11.49,9.9329
11.5,10.131
11.51,10.831
11.52,10.645
11.53,10.759
11.54,10.7
11.55,10.509
11.56,10.309
11.57,9.6449
11.58,9.6082
11.59,9.1352
11.6,9.3488
11.61,8.9339
11.62,9.0797
11.63,8.6423
11.64,8.8637
11.65,8.6138
11.66,8.7896
11.67,8.8589
11.68,9.049
11.69,9.435
11.7,9.4232
11.71,9.6965
11.72,9.5663
11.73,9.8277
11.74,9.8296
11.75,10.124
11.759,10.304
11.769,10.592
11.779,10.744
11.789,10.901
11.799,10.915
11.809,10.926
11.819,10.762
11.829,10.545
11.839,10.608
11.849,10.582
11.859,10.308
11.869,9.8916
11.879,9.6883
11.889,9.5159
11.899,9.9064
11.909,9.8881
11.919,10.488
11.929,9.8202
11.939,10.141
11.949,9.7064
11.959,10.192
11.969,9.5224
11.979,9.6699
11.989,9.219
11.999,9.5855
12.009,9.4295
12.019,9.976
12.029,9.5934
12.039,9.8938
12.049,9.7393
12.059,10.161
12.069,10.092
12.079,9.882
12.089,9.9628
12.099,9.108
12.109,9.6286
12.119,8.8295
12.129,9.3047
12.139,9.4139
12.148,9.9018
12.158,9.4696
12.168,9.7465
12.178,9.4217
12.188,9.9483
12.198,9.9295
12.208,10.136
12.218,9.7181
12.228,9.9161
12.238,10.054
12.248,10.299
12.258,10.344
12.268,10.567
12.278,10.671
12.288,11.031
12.298,10.629
12.308,10.532
12.318,10.029
12.328,9.7928
12.338,9.548
12.348,9.2105
12.358,8.7762
12.368,9.087
12.378,9.1642
12.388,9.5275
12.398,9.5763
12.408,9.6964
12.418,9.9568
12.428,10.035
12.438,10.133
12.448,9.7067
12.458,9.8425
12.468,9.4627
12.478,9.8661
12.488,9.4079
12.498,9.6325
12.508,9.3094
12.518,9.7396
12.527,9.8795
12.537,10.098
12.547,9.8904
12.557,9.9489
12.567,10.036
12.577,10.294
12.587,10.643
12.597,10.263
12.607,10.292
12.617,10.05
12.627,10.522
12.637,9.9107
12.647,10.599
12.657,10.131
12.667,10.45
12.677,9.8724
12.687,9.8064
12.697,9.5248
12.707,9.416
12.717,9.2238
12.727,9.0137
12.737,9.2205
12.747,9.507
12.757,10.01
12.767,10.28
12.777,10.209
12.787,10.411
12.797,10.353
12.807,10.491
12.817,10.1
12.827,9.9407
12.837,9.6717
12.847,9.4536
12.857,9.4819
12.867,9.0201
12.877,9.4048
12.887,9.0671
12.897,9.628
12.907,9.2467
12.916,9.3922
12.926,9.0915
12.936,9.3576
12.946,9.7139
12.956,9.4645
12.966,9.6657
12.976,9.0593
12.986,9.6946
12.996,9.2304
13.006,9.817
13.016,9.5651
13.026,10.014
13.036,10.321
13.046,10.262
13.056,10.811
13.066,10.353
13.076,10.722
13.086,10.721
13.096,10.759
13.106,10.996
13.116,10.689
13.126,11.099
13.136,10.27
13.146,10.514
13.156,9.2118
13.166,9.8624
13.176,8.958
13.186,9.7016
13.196,8.9677
13.206,9.8624
13.216,9.4729
13.226,10.267
13.236,9.7603
13.246,9.8304
13.256,9.5325
13.266,9.6736
13.276,9.7178
13.286,9.2642
13.296,9.3867
13.305,9.3301
13.315,9.3823
13.325,9.3582
13.335,9.5548
13.345,9.6383
13.355,9.9425
13.365,9.986
13.375,9.9619
13.385,9.9125
13.395,10.012
13.405,9.9643
13.415,10.298
13.425,10.167
13.435,10.148
13.445,9.8054
13.455,9.913
13.465,9.8012
13.475,10.138
13.485,10.203
13.495,10.564
13.505,10.036
13.515,10.085
13.525,9.5497
13.535,9.9088
13.545,9.739
13.555,9.86
13.565,9.377
13.575,9.3505
13.585,9.1165
13.595,9.3518
13.605,9.585
13.615,9.585
13.625,10.064
13.635,10.18
13.645,10.452
13.655,10.42
13.665,10.266
13.675,10.176
13.684,10.104
13.694,9.9196
13.704,9.5958
13.714,9.1123
13.724,8.9146
13.734,8.7375
13.744,8.323
13.754,8.659
13.764,8.5471
13.774,9.2853
13.784,9.3326
13.794,9.8031
13.804,10.091
13.814,10.51
13.824,10.624
13.834,10.773
13.844,10.611
13.854,10.907
13.864,10.741
13.874,11.093
13.884,10.823
13.894,10.745
13.904,10.185
13.914,9.7729
13.924,9.3988
13.934,9.0834
13.944,9.2544
13.954,9.4558
13.964,9.7191
13.974,10.124
13.984,10.41
13.994,10.532
14.004,10.818
14.014,10.367
14.024,11.048
14.034,10.002
14.044,10.525
14.054,9.2437
14.064,9.9736
14.073,8.655
14.083,9.39
14.093,9.3717
14.103,9.6979
14.113,9.7608
14.123,9.653
14.133,9.462
14.143,9.1767
14.153,9.1633
14.163,8.8792
14.173,8.877
14.183,8.6423
14.193,8.6769
14.203,8.908
14.213,9.1117
14.223,9.8821
14.233,10.176
14.243,10.728
14.253,10.79
14.263,11.048
14.273,10.809
14.283,11.151
14.293,10.291
14.303,10.608
14.313,9.8914
14.323,9.9095
14.333,9.488
14.343,9.1261
14.353,9.0608
14.363,9.0057
14.373,8.9608
14.383,9.3186
14.393,9.0692
14.403,9.72
14.413,9.3352
14.423,10.556
14.433,9.9771
14.443,11.044
14.453,10.008
14.462,10.988
14.472,10.118
14.482,10.99
14.492,10.696
14.502,10.558
14.512,10.304
14.522,9.6741
14.532,9.5448
14.542,8.8897
14.552,8.8176
14.562,8.6441
14.572,8.4085
14.582,9.252
14.592,8.7026
14.602,9.9027
14.612,9.2533
14.622,10.522
14.632,10.003
14.642,10.951
14.652,10.668
14.662,10.911
14.672,10.805
14.682,11.125
14.692,10.85
14.702,11.013
14.712,9.9525
14.722,9.9738
14.732,9.4087
14.742,9.6171
14.752,9.4374
14.762,9.6482
14.772,9.3003
14.782,9.7356
14.792,9.46
14.802,9.6537
14.812,9.9163
14.822,9.7546
14.832,10.095
14.842,9.7995
14.851,10.054
14.861,9.2096
14.871,10.202
14.881,9.4825
14.891,10.228
14.901,10.021
14.911,9.8762
14.921,10.295
14.931,9.9446
14.941,10.244
14.951,9.6148
14.961,9.8368
14.971,9.0806
14.981,9.2806
14.991,8.5954
15.001,9.0232
15.011,8.5432
15.021,9.0238
15.031,9.068
15.041,9.2012
15.051,9.6468
15.061,9.2817
15.071,10.456
15.081,9.8217
15.091,10.824
15.101,9.8226
15.111,10.875
15.121,10.055
15.131,10.535
15.141,10.287
15.151,9.9389
15.161,10.361
15.171,9.5724
15.181,10.324
15.191,9.5521
15.201,9.8462
15.211,9.5165
15.221,9.7245
15.231,9.6543
15.24,10.027
15.25,9.6338
15.26,10.345
15.27,9.8613
15.28,10.651
15.29,9.784
15.3,10.371
15.31,9.9693
15.32,10.088
15.33,10.443
15.34,10.152
15.35,10.271
15.36,9.7717
15.37,9.7118
15.38,9.5971
15.39,9.4753
15.4,9.4907
15.41,9.4578
15.42,9.4795
15.43,9.759
15.44,9.3829
15.45,9.0439
15.46,9.078
15.47,9.2838
15.48,9.613
15.49,10.065
15.5,10.037
15.51,10.515
15.52,10.051
15.53,10.786
15.54,10.077
15.55,10.812
15.56,9.7684
15.57,10.52
15.58,9.6989
15.59,10.508
15.6,9.7447
15.61,9.7799
15.62,9.3241
15.63,9.3353
15.64,9.2774
15.649,9.3048
15.659,9.3383
15.669,9.553
15.679,9.6608
15.689,9.7663
15.699,10.06
15.709,9.7907
15.719,10.326
15.729,9.8461
15.739,10.293
15.749,9.975
15.759,9.9895
15.769,10.132
15.779,9.6163
15.789,9.9956
15.799,9.1518
15.809,9.6796
15.819,9.2352
15.829,9.1478
15.839,9.6224
15.849,8.924
15.859,9.9729
15.869,9.012
15.879,9.8578
15.889,9.3401
15.899,9.6178
15.909,9.6708
15.919,9.4949
15.929,9.9544
15.939,9.8154
15.949,10.16
15.959,9.8525
15.969,10.086
15.979,10.099
15.989,10.238
15.999,10.472
16.008,10.177
16.018,10.219
16.028,10.104
16.038,10.234
16.048,10.469
16.058,10.265
16.068,10.416
16.078,10.12
16.088,10.349
16.098,9.8081
16.108,10.298
16.118,9.1614
16.128,10.096
16.138,8.9943
16.148,10.163
16.158,8.7051
16.168,9.8935
16.178,8.8979
16.188,10.157
16.198,9.4383
16.208,10.094
16.218,10.072
16.228,10.078
16.238,10.434
16.248,9.9932
16.258,10.136
16.268,9.4079
16.278,9.8236
16.288,9.1954
16.298,9.7401
16.308,9.3006
16.318,9.285
16.328,9.5241
16.338,9.2573
16.348,9.7423
16.358,9.484
16.368,9.7446
16.378,9.7084
16.387,9.7901
16.397,9.9051
16.407,10.057
16.417,10.236
16.427,10.149
16.437,10.196
16.447,10.226
16.457,10.349
16.467,10.109
16.477,10.137
16.487,9.6105
16.497,9.8854
16.507,9.5242
16.517,10.075
16.527,9.5108
16.537,9.7853
16.547,9.3314
16.557,9.5726
16.567,9.4109
16.577,9.6573
16.587,9.4886
16.597,9.5895
16.607,9.6395
16.617,9.6787
16.627,9.7441
16.637,9.6412
16.647,9.7643
16.657,9.7242
16.667,9.8393
16.677,9.7551
16.687,9.8706
16.697,9.7899
16.707,9.8672
16.717,9.7822
16.727,9.8922
16.737,9.8353
16.747,9.8167
16.757,9.8624
16.767,9.8835
16.776,9.9703
16.786,9.9899
16.796,10.113
16.806,10.091
16.816,10.116
16.826,10.001
16.836,9.9519
16.846,9.9057
16.856,9.9664
16.866,9.953
16.876,9.9444
16.886,9.8833
16.896,9.8911
16.906,9.8106
16.916,9.7515
16.926,9.7386
16.936,9.7355
16.946,9.7444
16.956,9.7465
16.966,9.8528
16.976,9.8507
16.986,9.8393
16.996,9.7923
17.006,9.8076
17.016,9.8178
17.026,9.866
17.036,9.9185
17.046,9.9549
17.056,9.9356
17.066,9.8848
17.076,9.8301
17.086,9.8197
17.096,9.8578
17.106,9.8429
17.116,9.8738
17.126,9.8672
17.136,9.872
17.146,9.8101
17.156,9.8054
17.165,9.789
17.175,9.8033
17.185,9.8202
17.195,9.804
17.205,9.8422
17.215,9.8444
17.225,9.8657
17.235,9.7221
17.245,9.7256
17.255,9.5534
17.265,9.6218
17.275,9.5879
17.285,9.7504
17.295,9.6688
17.305,9.7172
17.315,9.6419
17.325,9.6697
17.335,9.6871
17.345,9.6272
17.355,9.7094
17.365,9.7413
17.375,9.9197
17.385,9.9016
17.395,9.9573
17.405,9.8687
17.415,9.9055
17.425,9.8807
17.435,9.9275
17.445,9.9324
17.455,9.9926
17.465,9.9878
17.475,10.018
17.485,10.076
17.495,10.038
17.505,10.033
17.515,9.9395
17.525,9.9651
17.535,9.9003
17.544,9.9326
17.554,9.828
17.564,9.8871
17.574,9.8167
17.584,9.8331
17.594,9.7097
17.604,9.6468
17.614,9.5819
17.624,9.6202
17.634,9.5171
17.644,9.6226
17.654,9.591
17.664,9.5651
17.674,9.7326
17.684,9.5995
17.694,9.6385
17.704,9.842
17.714,9.6199
17.724,10.11
17.734,9.6245
17.744,10.25
17.754,9.6313
17.764,10.203
17.774,9.8187
17.784,10.186
17.794,10.217
17.804,10.218
17.814,10.26
17.824,10.091
17.834,10.058
17.844,10.067
17.854,9.9932
17.864,10.107
17.874,10.217
17.884,10.025
17.894,10.532
17.904,9.5844
17.914,10.416
17.924,9.4394
17.933,10.467
17.943,9.6286
17.953,10.449
17.963,9.6467
17.973,10.077
17.983,9.679
17.993,9.5819
18.003,9.565
18.013,9.4389
18.023,9.4816
18.033,9.4355
18.043,9.5843
18.053,9.5991
18.063,9.6558
18.073,9.5028
18.083,9.8187
18.093,9.2238
18.103,9.9016
18.113,9.2871
18.123,9.838
18.133,9.684
18.143,9.6664
18.153,10.187
18.163,9.5169
18.173,10.547
18.183,9.3704
18.193,10.848
18.203,9.3021
18.213,10.942
18.223,9.2103
18.233,10.542
18.243,9.3759
18.253,10.226
18.263,9.6281
18.273,10.286
18.283,9.9476
18.293,10.285
18.303,10.001
18.313,10.125
18.322,10.006
18.332,10.029
18.342,9.9579
18.352,9.9727
18.362,9.9091
18.372,9.8194
18.382,9.667
18.392,9.6682
18.402,9.5181
18.412,9.521
18.422,9.7254
18.432,9.4201
18.442,9.7503
18.452,9.5355
18.462,9.8081
18.472,9.632
18.482,9.7402
18.492,9.7096
18.502,9.6548
18.512,9.8399
18.522,9.6476
18.532,10.004
18.542,9.7579
18.552,10.107
18.562,9.9037
18.572,10.347
18.582,9.7512
18.592,10.565
18.602,9.7476
18.612,10.605
18.622,9.9296
18.632,10.503
18.642,10.137
18.652,10.209
18.662,10.22
18.672,9.7521
18.682,10.288
18.692,9.4759
18.702,10.474
18.711,9.2169
18.721,10.612
18.731,9.0951
18.741,10.368
18.751,9.2225
18.761,10.061
18.771,9.4542
18.781,9.8684
18.791,9.8286
18.801,9.5732
18.811,10.095
18.821,9.3976
18.831,10.002
18.841,9.435
18.851,9.8193
18.861,9.5507
18.871,9.7188
18.881,9.6814
18.891,9.7148
18.901,9.8558
18.911,9.6051
18.921,9.938
18.931,9.5729
18.941,9.911
18.951,9.578
18.961,9.9543
18.971,9.5955
18.981,9.9715
18.991,9.645
19.001,10.151
19.011,9.8012
19.021,10.24
19.031,9.8753
19.041,10.146
19.051,10.108
19.061,9.9694
19.071,10.335
19.081,9.8413
19.09,10.46
19.1,9.7476
19.11,10.425
19.12,9.8154
19.13,10.229
19.14,9.4861
19.15,10.232
19.16,9.3244
19.17,10.358
19.18,9.4374
19.19,10.182
19.2,9.6226
19.21,9.9447
19.22,9.9929
19.23,9.5084
19.24,10.178
19.25,9.4193
19.26,9.9262
19.27,9.4759
19.28,9.7563
19.29,9.576
19.3,9.6227
19.31,9.8973
19.32,9.6013
19.33,10.109
19.34,9.6109
19.35,10.14
19.36,9.4274
19.37,10.133
19.38,9.5931
19.39,10.189
19.4,9.8772
19.41,10.027
19.42,10.107
19.43,9.9395
19.44,10.217
19.45,9.941
19.459,10.144
19.469,9.889
19.479,10.064
19.489,9.9239
19.499,9.9459
19.509,10.144
19.519,9.737
19.529,10.291
19.539,9.5995
19.549,10.256
19.559,9.4966
19.569,10.083
19.579,9.369
19.589,9.9266
19.599,9.3461
19.609,9.9723
19.619,9.2615
19.629,10.003
19.639,9.1785
19.649,9.9669
19.659,9.1249
19.669,9.9417
19.679,9.2494
19.689,9.6497
19.699,9.6817
19.709,9.5768
19.719,9.8907
19.729,9.5965
19.739,10.128
19.749,9.4747
19.759,10.338
19.769,9.2
19.779,10.569
19.789,9.2045
19.799,10.535
19.809,9.5244
19.819,10.522
19.829,9.6063
19.838,10.405
19.848,9.7564
19.858,10.151
19.868,10.051
19.878,10.073
19.888,10.23
19.898,9.9434
19.908,10.299
19.918,10.099
19.928,10.176
19.938,10.158
19.948,10.055
19.958,9.7858
19.968,10.053
19.978,9.5094
19.988,10.052
19.998,9.5386
20.008,9.7843
20.018,9.6747
20.028,9.5922
20.038,9.8648
20.048,9.3195
20.058,9.9091
20.068,9.2529
20.078,9.6769
20.088,9.6373
20.098,9.3418
20.108,9.917
20.118,9.357
20.128,10.168
20.138,9.5665
20.148,10.423
20.158,9.4819
20.168,10.4
20.178,9.1931
20.188,10.327
20.198,9.4311
20.208,10.307
20.218,9.7097
20.227,10.397
20.237,9.7694
20.247,10.167
20.257,9.8087
20.267,10.239
20.277,10.1
20.287,10.259
20.297,10.104
20.307,10.024
20.317,10.106
20.327,9.7887
20.337,10.192
20.347,9.8491
20.357,10.308
20.367,9.8304
20.377,10.196
20.387,9.7022
20.397,9.9935
20.407,9.7509
20.417,9.7892
20.427,10.087
20.437,9.4912
20.447,10.296
20.457,9.2123
20.467,10.238
20.477,9.2791
20.487,9.9955
20.497,9.8122
20.507,9.8512
20.517,10.054
20.527,9.7497
20.537,10.099
20.547,9.5295
20.557,10.155
20.567,9.6166
20.577,10.137
20.587,9.734
20.597,10.101
20.607,9.7476
20.616,10.065
20.626,9.844
20.636,9.9914
20.646,9.842
20.656,10.003
20.666,9.9784
20.676,10.111
20.686,10.068
20.696,10.068
20.706,9.9583
20.716,9.8853
20.726,9.6823
20.736,9.6235
20.746,9.3999
20.756,9.5028
20.766,9.3461
20.776,9.7955
20.786,9.519
20.796,10.329
20.806,9.9428
20.816,10.476
20.826,10.108
20.836,10.239
20.846,10.069
20.856,10.032
20.866,9.9696
20.876,9.8543
20.886,9.8369
20.896,9.5774
20.906,9.6844
20.916,9.3886
20.926,9.6901
20.936,9.3707
20.946,9.6941
20.956,9.4599
20.966,9.7383
20.976,9.6126
20.986,9.7468
20.995,10.039
21.005,9.7697
21.015,10.198
21.025,9.8566
21.035,10.077
21.045,9.7694
21.055,9.9233
21.065,9.8489
21.075,9.9892
21.085,10.062
21.095,9.8119
21.105,9.9104
21.115,9.3934
21.125,9.8173
21.135,9.3487
21.145,10.048
21.155,9.6843
21.165,10.187
21.175,9.7166
21.185,9.9607
21.195,9.669
21.205,9.9332
21.215,9.9833
21.225,10.03
21.235,10.336
21.245,9.9937
21.255,10.202
21.265,9.9787
21.275,10.031
21.285,10.029
21.295,9.8616
21.305,10.056
21.315,9.6379
21.325,9.9092
21.335,9.6573
21.345,9.6389
21.354,9.8783
21.364,9.4903
21.374,10.179
21.384,9.3648
21.394,10.244
21.404,9.2668
21.414,10.155
21.424,9.4924
21.434,10.166
21.444,9.8703
21.454,9.8717
21.464,10
21.474,9.4265
21.484,10.057
21.494,9.5175
21.504,10.083
21.514,9.8711
21.524,9.9492
21.534,10.118
21.544,9.8796
21.554,9.9176
21.564,9.8727
21.574,9.8612
21.584,10.055
21.594,9.9579
21.604,10.028
21.614,9.9628
21.624,9.8564
21.634,9.9324
21.644,9.6868
21.654,10.042
21.664,9.7726
21.674,10.033
21.684,9.9583
21.694,9.847
21.704,10.03
21.714,9.6063
21.723,10.007
21.733,9.7881
21.743,9.5994
21.753,9.6001
21.763,9.2743
21.773,9.6217
21.783,9.2503
21.793,9.7235
21.803,9.5091
21.813,9.878
21.823,9.797
21.833,10.076
21.843,9.7036
21.853,10.05
21.863,9.7013
21.873,9.9907
21.883,9.8735
21.893,10.15
21.903,10.375
21.913,10.084
21.923,10.586
21.933,9.6269
21.943,10.483
21.953,9.3461
21.963,10.295
21.973,9.3994
21.983,10.167
21.993,9.5546
22.003,10.256
22.013,9.9682
22.023,9.9179
22.033,10.146
22.043,9.5049
22.053,10.147
22.063,9.3591
22.073,10.204
22.082,9.5747
22.092,9.9474
22.102,9.8447
22.112,9.739
22.122,10.11
22.132,9.8483
22.142,10.126
22.152,9.7064
22.162,10.133
22.172,9.4757
22.182,9.8539
22.192,9.5702
22.202,9.7376
22.212,9.8931
22.222,9.6894
22.232,10.045
22.242,9.7414
22.252,9.648
22.262,9.7631
22.272,9.4823
22.282,9.9464
22.292,9.4838
22.302,10.086
22.312,9.6103
22.322,10.114
22.332,9.5582
22.342,10.334
22.352,9.5142
22.362,10.412
22.372,9.5061
22.382,10.491
22.392,9.5049
22.402,10.574
22.412,9.29
22.422,10.374
22.432,9.5555
22.441,10.019
22.451,9.9914
22.461,9.9284
22.471,10.347
22.481,9.8588
22.491,10.397
22.501,9.7411
22.511,10.051
22.521,9.882
22.531,9.7784
22.541,10.22
22.551,9.4974
22.561,10.224
22.571,9.2608
22.581,10.351
22.591,9.1074
22.601,10.353
22.611,9.2288
22.621,10.127
22.631,9.5536
22.641,9.8404
22.651,9.8278
22.661,9.7209
22.671,9.7486
22.681,9.6528
22.691,9.7846
22.701,9.5224
22.711,9.9735
22.721,9.4626
22.731,10.238
22.741,9.4241
22.751,10.176
22.761,9.5482
22.771,10.18
22.781,9.7203
22.791,9.9323
22.801,9.8465
22.811,9.9314
22.82,10.171
22.83,9.9669
22.84,10.122
22.85,9.9338
22.86,10.011
22.87,9.9967
22.88,9.9917
22.89,9.8961
22.9,10.111
22.91,9.7844
22.92,10.135
22.93,9.7778
22.94,9.9465
22.95,9.8474
22.96,9.841
22.97,9.9092
22.98,10.031
22.99,9.8236
23,10.134
23.01,9.8019
23.02,10.099
23.03,9.5693
23.04,9.9327
23.05,9.3561
23.06,10.123
23.07,9.0903
23.08,10.362
23.09,8.9864
23.1,10.331
23.11,9.3552
23.12,10.175
23.13,9.5331
23.14,9.8124
23.15,9.4443
23.16,9.7585
23.17,9.568
23.18,9.9691
23.189,9.7944
23.199,10.159
23.209,9.9161
23.219,10.117
23.229,9.9009
23.239,10.082
23.249,10.004
23.259,10.105
23.269,10.216
23.279,9.9938
23.289,10.18
23.299,10.023
23.309,9.8497
23.319,10.023
23.329,9.7417
23.339,9.9842
23.349,9.8594
23.359,9.8185
23.369,10.051
23.379,9.597
23.389,9.9576
23.399,9.5542
23.409,9.9961
23.419,9.4642
23.429,9.9967
23.439,9.369
23.449,10.018
23.459,9.3654
23.469,9.9721
23.479,9.4114
23.489,10.011
23.499,9.7313
23.509,10.065
23.519,9.9181
23.529,10.125
23.539,9.7928
23.548,10.202
23.558,9.6638
23.568,10.368
23.578,9.6365
23.588,10.405
23.598,9.6226
23.608,10.073
23.618,9.9
23.628,9.7959
23.638,10.262
23.648,9.8036
23.658,10.023
23.668,9.9533
23.678,9.9428
23.688,9.9717
23.698,9.8995
23.708,9.7182
23.718,9.8687
23.728,9.6432
23.738,10.036
23.748,9.7709
23.758,9.7865
23.768,9.8061
23.778,9.8127
23.788,9.7334
23.798,9.7149
23.808,9.9476
23.818,9.3349
23.828,10.232
23.838,9.1261
23.848,10.323
23.858,9.5569
23.868,10.033
23.878,9.9708
23.888,9.4964
23.898,10.144
23.908,9.3704
23.918,10.364
23.927,9.6596
23.937,10.397
23.947,9.7184
23.957,10.196
23.967,9.6127
23.977,9.9506
23.987,9.7344
23.997,9.7265
24.007,10.25
24.017,9.6292
24.027,10.464
24.037,9.6841
24.047,10.267
24.057,9.6777
24.067,10.004
24.077,9.8962
24.087,9.5662
24.097,10.184
24.107,9.1918
24.117,10.291
24.127,9.2874
24.137,10.345
24.147,9.4561
24.157,10.135
24.167,9.4609
24.177,9.7485
24.187,9.5849
24.197,9.6151
24.207,10.009
24.217,9.3855
24.227,10.364
24.237,9.0942
24.247,10.424
24.257,8.781
24.267,10.215
24.277,8.69
24.286,10.344
24.296,9.0111
24.306,10.437
24.316,9.5389
24.326,10.454
24.336,9.7813
24.346,10.386
24.356,9.726
24.366,10.307
24.376,9.6745
24.386,10.449
24.396,9.6765
24.406,10.484
24.416,9.7426
24.426,10.32
24.436,9.8839
24.446,10.016
24.456,9.9085
24.466,10.094
24.476,9.7175
24.486,10.388
24.496,9.6034
24.506,10.393
24.516,9.5594
24.526,10.454
24.536,9.5998
24.546,10.29
24.556,9.665
24.566,10.178
24.576,9.6464
24.586,9.9657
24.596,9.3475
24.606,9.7129
24.616,9.2195
24.626,9.5936
24.636,9.4723
24.646,9.6046
24.656,10.141
24.665,9.4055
24.675,10.321
24.685,9.2312
24.695,10.121
24.705,9.4943
24.715,9.9634
24.725,9.8512
24.735,9.9817
24.745,9.8655
24.755,9.8884
24.765,9.7425
24.775,9.7576
24.785,9.5262
24.795,9.687
24.805,9.4683
24.815,9.8777
24.825,9.6669
24.835,10.396
24.845,10.081
24.855,10.657
24.865,10.241
24.875,10.249
24.885,10.358
24.895,9.9967
24.905,10.502
24.915,9.8112
24.925,10.523
24.935,9.8378
24.945,10.466
24.955,9.6636
24.965,10.482
24.975,9.3081
24.985,10.074
24.995,9.2671
25.005,9.6317
25.015,9.7269
25.024,9.6048
25.034,10.046
25.044,9.5718
25.054,10.126
25.064,9.5352
25.074,9.5437
25.084,9.8119
25.094,8.9574
25.104,10.209
25.114,8.9452
25.124,10.507
25.134,9.0952
25.144,10.653
25.154,8.8216
25.164,10.249
25.174,8.7129
25.184,9.9042
25.194,8.9502
25.204,9.8681
25.214,9.5037
25.224,10.165
25.234,9.8591
25.244,10.444
25.254,10.019
25.264,10.488
25.274,10.068
25.284,10.512
25.294,10.163
25.304,10.798
25.314,10.095
25.324,10.562
25.334,9.8429
25.344,10.326
25.354,9.9152
25.364,9.9721
25.374,10.001
25.384,9.9202
25.393,10.105
25.403,9.745
25.413,10.081
25.423,9.4927
25.433,10.149
25.443,9.0662
25.453,10.321
25.463,8.8459
25.473,10.656
25.483,8.7501
25.493,10.91
25.503,8.7659
25.513,10.771
25.523,8.7631
25.533,10.634
25.543,8.7626
25.553,10.356
25.563,8.9514
25.573,10.085
25.583,9.1583
25.593,9.8386
25.603,9.3047
25.613,9.7489
25.623,9.4587
25.633,10.033
25.643,9.6733
25.653,10.407
25.663,9.5781
25.673,10.583
25.683,9.2291
25.693,10.823
25.703,9.2042
25.713,10.794
25.723,9.7138
25.733,10.677
25.743,10.083
25.752,10.396
25.762,10.096
25.772,10.254
25.782,9.8184
25.792,9.8278
25.802,10.05
25.812,9.3732
25.822,10.16
25.832,9.2418
25.842,10.112
25.852,9.1443
25.862,10.055
25.872,9.1386
25.882,10.23
25.892,9.2288
25.902,10.356
25.912,9.1011
25.922,9.9049
25.932,9.1862
25.942,9.3579
25.952,9.6452
25.962,8.9611
25.972,10.407
25.982,9.0318
25.992,10.809
26.002,9.1129
26.012,10.748
26.022,9.2512
26.032,10.687
26.042,9.7666
26.052,10.635
26.062,10.268
26.072,10.348
26.082,10.36
26.092,9.9347
26.102,10.327
26.111,9.8342
26.121,10.24
26.131,9.6199
26.141,10.103
26.151,9.3207
26.161,10.002
26.171,9.266
26.181,10.035
26.191,9.396
26.201,10.003
26.211,9.7705
26.221,9.9088
26.231,9.9073
26.241,9.8868
26.251,9.9097
26.261,9.7453
26.271,10.012
26.281,9.5572
26.291,10.095
26.301,9.2205
26.311,9.9558
26.321,9.0481
26.331,9.4627
26.341,9.0596
26.351,9.3038
26.361,9.2686
26.371,9.7365
26.381,9.7028
26.391,10.073
26.401,9.8534
26.411,10.349
26.421,9.6709
26.431,10.337
26.441,9.4946
26.451,10.427
26.461,9.5977
26.471,10.647
26.48,9.9119
26.49,10.911
26.5,10.13
26.51,10.747
26.52,10.247
26.53,10.298
26.54,10.356
26.55,9.8354
26.56,10.455
26.57,9.3392
26.58,10.451
26.59,9.2523
26.6,10.312
26.61,9.3787
26.62,10.279
26.63,9.66
26.64,10.093
26.65,9.7863
26.66,9.9305
26.67,9.2083
26.68,9.6585
26.69,8.8378
26.7,9.4201
26.71,8.9294
26.72,9.3894
26.73,9.1301
26.74,9.431
26.75,9.1813
26.76,9.2163
26.77,9.4175
26.78,9.2666
26.79,9.606
26.8,9.7269
26.81,9.9564
26.82,10.094
26.83,10.203
26.839,10.063
26.849,10.287
26.859,10.1
26.869,10.563
26.879,10.158
26.889,10.764
26.899,10.279
26.909,10.643
26.919,10.292
26.929,10.405
26.939,10.206
26.949,10.24
26.959,10.368
26.969,10.144
26.979,10.715
26.989,10.169
26.999,10.575
27.009,10.119
27.019,10.111
27.029,9.9019
27.039,9.4894
27.049,9.5534
27.059,9.1997
27.069,9.3368
27.079,9.2776
27.089,9.0551
27.099,9.4894
27.109,8.9409
27.119,9.6461
27.129,8.8963
27.139,9.6374
27.149,9.0656
27.159,9.1877
27.169,9.2976
27.179,9.1888
27.189,9.6603
27.199,9.3361
27.209,9.7784
27.218,9.4539
27.228,10.097
27.238,9.7054
27.248,10.323
27.258,9.6907
27.268,10.109
27.278,9.8238
27.288,10.045
27.298,10.417
27.308,10.273
27.318,10.509
27.328,10.288
27.338,10.158
27.348,10.37
27.358,10.071
27.368,10.413
27.378,10.082
27.388,10.541
27.398,10.229
27.408,10.732
27.418,10.098
27.428,10.534
27.438,9.7561
27.448,10.133
27.458,9.5027
27.468,10.096
27.478,9.3088
27.488,10.122
27.498,9.1842
27.508,10.166
27.518,9.3906
27.528,9.9821
27.538,9.2835
27.548,9.6103
27.558,9.1023
27.568,9.5356
27.578,9.1104
27.588,9.5838
27.597,9.1364
27.607,9.3317
27.617,9.2728
27.627,9.2716
27.637,9.3677
27.647,9.4966
27.657,9.4549
27.667,9.6145
27.677,9.5751
27.687,9.704
27.697,9.709
27.707,10.047
27.717,9.7856
27.727,10.187
27.737,9.8983
27.747,10.301
27.757,10.187
27.767,10.256
27.777,10.456
27.787,10.045
27.797,10.923
27.807,10.023
27.817,11.401
27.827,9.7925
27.837,11.291
27.847,9.6033
27.857,11.076
27.867,9.3888
27.877,10.642
27.887,9.2376
27.897,10.364
27.907,9.4033
27.917,10.532
27.927,9.2702
27.937,10.558
27.947,8.9321
27.956,10.155
27.966,8.9098
27.976,9.3978
27.986,8.9969
27.996,8.9641
28.006,9.3017
28.016,9.0355
28.026,9.6871
28.036,9.2274
28.046,10.004
28.056,9.2973
28.066,9.889
28.076,9.3532
28.086,9.7597
28.096,9.4603
28.106,9.8145
28.116,9.6412
28.126,9.955
28.136,9.826
28.146,10.095
28.156,9.8558
28.166,10.225
28.176,9.6658
28.186,10.274
28.196,9.6
28.206,10.725
28.216,9.6667
28.226,11.378
28.236,9.6603
28.246,11.345
28.256,9.7855
28.266,10.616
28.276,10.148
28.286,10.234
28.296,10.292
28.305,10.458
28.315,10.149
28.325,10.471
28.335,9.9206
28.345,10.211
28.355,9.3937
28.365,9.813
28.375,8.9258
28.385,9.3341
28.395,9.0506
28.405,9.0234
28.415,9.3627
28.425,9.0439
28.435,9.4557
28.445,9.0984
28.455,9.5468
28.465,9.1412
28.475,9.4665
28.485,9.2726
28.495,9.2582
28.505,9.3612
28.515,9.3894
28.525,9.3642
28.535,9.7768
28.545,9.7492
28.555,10.347
28.565,10.413
28.575,10.581
28.585,10.815
28.595,10.397
28.605,10.916
28.615,9.7274
28.625,10.874
28.635,9.4805
28.645,10.946
28.655,9.5823
28.664,10.911
28.674,10.071
28.684,10.407
28.694,10.455
28.704,9.8435
28.714,10.51
28.724,9.5001
28.734,10.489
28.744,9.4759
28.754,10.303
28.764,9.7393
28.774,9.8389
28.784,9.9064
28.794,9.3127
28.804,9.6307
28.814,9.0946
28.824,9.2038
28.834,9.0982
28.844,9.0939
28.854,9.1229
28.864,9.196
28.874,9.2581
28.884,8.9855
28.894,9.2135
28.904,8.7484
28.914,9.1765
28.924,8.8436
28.934,9.3942
28.944,9.2984
28.954,9.7534
28.964,9.6528
28.974,10.265
28.984,9.9262
28.994,10.632
29.004,9.7826
29.013,10.767
29.023,9.6476
29.033,10.986
29.043,9.8125
29.053,11.236
29.063,10.256
29.073,11.333
29.083,10.107
29.093,11.079
29.103,9.7148
29.113,10.553
29.123,9.7843
29.133,10.123
29.143,9.6494
29.153,10.038
29.163,9.5699
29.173,9.7575
29.183,9.7126
29.193,9.3063
29.203,9.8735
29.213,8.7083
29.223,10.29
29.233,8.1378
29.243,10.351
29.253,7.941
29.263,10.206
29.273,8.1038
29.283,9.8545
29.293,8.473
29.303,9.5239
29.313,8.8276
29.323,9.2476
29.333,9.2693
29.343,9.3008
29.353,9.4612
29.363,9.3743
29.372,9.428
29.382,9.6417
29.392,9.5359
29.402,9.9729
29.412,9.9627
29.422,10.517
29.432,10.408
29.442,10.941
29.452,10.155
29.462,10.916
29.472,9.7732
29.482,10.888
29.492,9.839
29.502,11.246
29.512,10.113
29.522,11.341
29.532,10.063
29.542,11.275
29.552,9.7766
29.562,11.172
29.572,9.5013
29.582,10.727
29.592,9.1623
29.602,9.9618
29.612,8.8599
29.622,9.2879
29.632,8.9652
29.642,9.0177
29.652,9.0009
29.662,8.9702
29.672,8.7453
29.682,8.9047
29.692,8.6804
29.702,9.2996
29.712,8.731
29.722,9.593
29.732,8.8718
29.742,9.8208
29.751,9.1014
29.761,9.816
29.771,9.7619
29.781,9.8043
29.791,10.402
29.801,9.8603
29.811,10.741
29.821,9.6139
29.831,10.899
29.841,9.5416
29.851,11.168
29.861,9.5657
29.871,11.234
29.881,9.4145
29.891,11.125
29.901,9.5073
29.911,11.105
29.921,9.9362
29.931,10.993
29.941,10.082
29.951,10.608
29.961,9.9622
29.971,10.298
29.981,9.7247
29.991,10.212
30.001,9.5025
30.011,10.369
30.021,9.2939
30.031,10.249
30.041,8.9454
30.051,10.157
30.061,8.6538
30.071,10.097
30.081,8.5661
30.091,10.148
30.101,8.4863
30.111,9.9329
30.121,8.543
30.13,9.4629
30.14,8.4787
30.15,9.2603
30.16,8.5692
30.17,9.4006
30.18,8.7933
30.19,9.6905
30.2,9.1033
30.21,10.14
30.22,9.318
30.23,10.668
30.24,9.5913
30.25,11.052
30.26,9.8236
30.27,11.485
30.28,10.065
30.29,11.667
30.3,10.118
30.31,11.331
30.32,10.2
30.33,10.997
30.34,10.406
30.35,10.445
30.36,10.214
30.37,10.35
30.38,10.174
30.39,10.322
30.4,9.7444
30.41,10.162
30.42,8.9655
30.43,9.9351
30.44,8.7385
30.45,10.002
30.46,8.9256
30.47,9.6775
30.48,9.0825
30.49,9.0922
30.5,9.2602
30.51,9.0895
30.519,9.3948
30.529,9.1873
30.539,9.297
30.549,9.4668
30.559,8.8634
30.569,9.8778
30.579,8.4854
30.589,10.391
30.599,8.4453
30.609,10.739
30.619,8.821
30.629,10.996
30.639,9.2454
30.649,10.892
30.659,9.6254
30.669,10.51
30.679,10.261
30.689,10.373
30.699,10.496
30.709,10.498
30.719,10.667
30.729,10.626
30.739,10.615
30.749,10.554
30.759,10.474
30.769,10.429
30.779,10.145
30.789,10.239
30.799,10.11
30.809,10.098
30.819,10.132
30.829,9.9913
30.839,10.102
30.849,10.026
30.859,9.7112
30.869,9.8564
30.879,9.507
30.888,9.6326
30.898,9.5311
30.908,9.4025
30.918,9.4722
30.928,9.1533
30.938,8.9506
30.948,8.7843
30.958,8.6881
30.968,8.7456
30.978,8.8258
30.988,8.9777
30.998,9.0746
31.008,9.1731
31.018,9.4413
31.028,9.3302
31.038,9.7852
31.048,9.5076
31.058,10.245
31.068,10.015
31.078,10.879
31.088,10.717
31.098,11.229
31.108,10.85
31.118,11.13
31.128,10.192
31.138,10.645
31.148,9.7167
31.158,10.227
31.168,9.9238
31.178,10.116
31.188,10.365
31.198,9.9985
31.208,10.525
31.218,9.629
31.228,10.377
31.238,9.4024
31.248,10.327
31.258,9.3837
31.267,10.227
31.277,9.425
31.287,10.019
31.297,9.2853
31.307,9.5004
31.317,9.2976
31.327,8.6664
31.337,9.1952
31.347,7.8783
31.357,9.1939
31.367,8.1826
31.377,9.4015
31.387,8.7025
31.397,9.6477
31.407,8.6739
31.417,9.7786
31.427,8.9821
31.437,10.069
31.447,9.3187
31.457,10.629
31.467,9.4563
31.477,11.188
31.487,9.6621
31.497,11.448
31.507,9.5735
31.517,11.072
31.527,9.3572
31.537,10.798
31.547,9.9028
31.557,10.842
31.567,10.234
31.577,10.714
31.587,10.152
31.597,10.527
31.607,10.11
31.617,10.654
31.627,10.269
31.637,10.396
31.647,10.37
31.656,9.9065
31.666,10.173
31.676,9.409
31.686,10.157
31.696,9.14
31.706,10.189
31.716,8.9054
31.726,10.078
31.736,8.623
31.746,9.9012
31.756,8.6667
31.766,9.8919
31.776,8.8026
31.786,9.626
31.796,8.6489
31.806,9.2325
31.816,8.7932
31.826,9.3467
31.836,9.3921
31.846,9.6615
31.856,9.8609
31.866,9.845
31.876,10.172
31.886,9.9676
31.896,10.374
31.906,9.9616
31.916,10.63
31.926,9.9012
31.936,10.946
31.946,10.006
31.956,10.912
31.966,10.189
31.976,10.816
31.986,10.044
31.996,10.516
32.006,9.7834
32.016,10.197
32.026,9.7593
32.036,10.093
32.045,9.7233
32.055,10.047
32.065,9.786
32.075,9.7158
32.085,9.9315
32.095,9.6437
32.105,10.17
32.115,9.5766
32.125,10.169
32.135,9.5443
32.145,9.9269
32.155,9.5735
32.165,9.4048
32.175,9.5714
32.185,8.7713
32.195,9.5007
32.205,8.6891
32.215,9.5325
32.225,8.7713
32.235,9.5633
32.245,8.7239
32.255,9.6962
32.265,9.0113
32.275,9.7723
32.285,9.5082
32.295,9.7039
32.305,10.01
32.315,9.5214
32.325,10.402
32.335,9.6209
32.345,10.649
32.355,9.9808
32.365,10.56
32.375,10.207
32.385,10.523
32.395,10.393
32.405,10.74
32.415,10.398
32.425,10.805
32.434,10.415
32.444,10.522
32.454,10.285
32.464,10.318
32.474,10.302
32.484,10.407
32.494,10.405
32.504,10.234
32.514,9.7602
32.524,9.603
32.534,9.1633
32.544,9.488
32.554,9.313
32.564,9.8127
32.574,9.648
32.584,9.781
32.594,9.5355
32.604,9.5347
32.614,9.2466
32.624,9.2996
32.634,9.1553
32.644,9.3764
32.654,9.3755
32.664,9.4433
32.674,9.5703
32.684,9.6732
32.694,9.6932
32.704,9.7437
32.714,9.8094
32.724,9.6971
32.734,9.9922
32.744,9.9582
32.754,10.137
32.764,10.182
32.774,10.163
32.784,10.336
32.794,10.153
32.804,10.151
32.813,10.049
32.823,9.8691
32.833,10.068
32.843,9.8639
32.853,10.019
32.863,9.9738
32.873,9.861
32.883,9.9928
32.893,9.7076
32.903,9.7881
32.913,9.7691
32.923,9.6826
32.933,9.7269
32.943,9.6599
32.953,9.6329
32.963,9.61
32.973,9.5748
32.983,9.6019
32.993,9.5226
33.003,9.2904
33.013,9.4581
33.023,9.1247
33.033,10.315
33.043,10.905
33.053,9.8546
33.063,10.313
33.073,8.3621
33.083,7.178
33.093,7.8358
33.103,7.109
33.113,9.1627
33.123,9.2114
33.133,10.97
33.143,10.899
33.153,11.325
33.163,10.591
33.173,9.5531
33.183,9.4412
33.193,8.7554
33.203,10.024
33.212,10.474
33.222,11.556
33.232,11.59
33.242,12.029
33.252,11.047
33.262,11.353
33.272,10.515
33.282,10.673
33.292,10.374
33.302,10.418
33.312,10.442
33.322,10.478
33.332,10.104
33.342,9.9785
33.352,9.4816
33.362,9.5593
33.372,9.4982
33.382,9.9962
33.392,9.9274
33.402,10.134
33.412,9.7795
33.422,9.6904
33.432,9.3029
33.442,9.3716
33.452,9.1607
33.462,9.3555
33.472,9.2424
33.482,9.5831
33.492,9.4829
33.502,9.8025
33.512,9.6509
33.522,9.8443
33.532,9.5931
33.542,9.7943
33.552,9.8006
33.562,9.9979
33.572,10.075
33.582,9.9956
33.591,9.9272
33.601,9.7828
33.611,9.6036
33.621,9.5202
33.631,9.2928
33.641,9.2903
33.651,9.1734
33.661,9.1948
33.671,9.5204
33.681,9.4934
33.691,9.8374
33.701,9.6046
33.711,10.092
33.721,9.6144
33.731,10.08
33.741,9.7404
