0,9.8691
0.01,9.8715
0.02,9.8619
0.029,9.8667
0.039,9.8643
0.049,9.8862
0.059,9.8908
0.069,9.8718
0.079,9.879
0.089,9.8836
0.099,9.8648
0.109,9.8887
0.119,9.8862
0.129,9.8696
0.139,9.8718
0.149,9.8839
0.159,9.8863
0.169,9.8792
0.179,9.8766
0.189,9.8693
0.199,9.8696
0.209,9.8766
0.219,9.8597
0.229,9.8881
0.239,9.8742
0.249,9.8714
0.259,9.8787
0.269,9.8741
0.279,9.8763
0.289,9.8955
0.299,9.8908
0.309,9.8836
0.319,9.8714
0.329,9.8714
0.339,9.8783
0.349,9.8762
0.359,9.8832
0.369,9.8637
0.379,9.8616
0.389,9.8997
0.399,9.8735
0.409,9.8759
0.419,9.8759
0.429,9.8664
0.439,9.8685
0.448,9.8759
0.458,9.9025
0.468,9.8902
0.478,9.8733
0.488,9.883
0.498,9.8881
0.508,9.8787
0.518,9.8613
0.528,9.8688
0.538,9.8712
0.548,9.8762
0.558,9.8955
0.568,9.8833
0.578,9.8857
0.588,9.8931
0.598,9.8836
0.608,9.8862
0.618,9.8835
0.628,9.8789
0.638,9.8932
0.648,9.8931
0.658,9.8741
0.668,9.879
0.678,9.8811
0.688,9.8715
0.698,9.8624
0.708,9.8789
0.718,9.891
0.728,9.8789
0.738,9.8597
0.748,9.8717
0.758,9.8813
0.768,9.8816
0.778,9.8983
0.788,9.886
0.798,9.8813
0.808,9.8862
0.818,9.8669
0.828,9.8691
0.838,9.8619
0.848,9.8929
0.858,9.8738
0.868,9.8856
0.878,9.8805
0.887,9.883
0.897,9.8733
0.907,9.8781
0.917,9.8925
0.927,9.8685
0.937,9.8684
0.947,9.8824
0.957,9.8781
0.967,9.8877
0.977,9.8823
0.987,9.8708
0.997,9.8778
1.007,9.8802
1.017,9.8778
1.027,9.8922
1.037,9.8899
1.047,9.8995
1.057,9.8875
1.067,9.8925
1.077,9.888
1.087,9.8735
1.097,9.8661
1.107,9.8833
1.117,9.8715
1.127,9.864
1.137,9.8856
1.147,9.8835
1.157,9.8784
1.167,9.8666
1.177,9.8859
1.187,9.8835
1.197,9.8763
1.207,9.8884
1.217,9.879
1.227,9.8835
1.237,9.8789
1.247,9.8645
1.257,9.869
1.267,9.8929
1.277,9.9003
1.287,9.8907
1.297,9.8597
1.307,9.851
1.317,9.8534
1.327,9.8437
1.337,9.8868
1.346,9.8533
1.356,9.8847
1.366,9.8681
1.376,9.91
1.386,9.8937
1.396,9.9395
1.406,9.9399
1.416,9.9618
1.426,9.9113
1.436,9.9296
1.446,9.8807
1.456,9.892
1.466,9.8408
1.476,9.8479
1.486,9.8212
1.496,9.8381
1.506,9.8329
1.516,9.8283
1.526,9.8185
1.536,9.8182
1.546,9.8211
1.556,9.8434
1.566,9.8444
1.576,9.8669
1.586,9.9181
1.596,9.9286
1.606,9.9357
1.616,9.9239
1.626,9.9119
1.636,9.9265
1.646,9.9113
1.656,9.9045
1.666,9.9016
1.676,9.903
1.686,9.9074
1.696,9.8775
1.706,9.8384
1.716,9.8305
1.726,9.8233
1.736,9.816
1.746,9.8594
1.756,9.8696
1.766,9.889
1.776,9.9088
1.786,9.8804
1.795,9.8997
1.805,9.8952
1.815,9.8833
1.825,9.9103
1.835,9.9271
1.845,9.9366
1.855,9.9411
1.865,9.9
1.875,9.8681
1.885,9.8381
1.895,9.8247
1.905,9.8172
1.915,9.8055
1.925,9.8351
1.935,9.8437
1.945,9.9133
1.955,9.9194
1.965,9.9401
1.975,9.904
1.985,9.8805
1.995,9.795
2.005,9.781
2.015,9.7612
2.025,9.7792
2.035,9.8097
2.045,9.9021
2.055,9.9726
2.065,10.031
2.075,10.015
2.085,10.001
2.095,9.9411
2.105,9.9164
2.115,9.8991
2.125,9.917
2.135,9.9567
2.145,9.929
2.155,9.8986
2.165,9.8542
2.175,9.7862
2.185,9.7471
2.195,9.7254
2.205,9.7804
2.215,9.8215
2.225,9.87
2.234,9.8857
2.244,9.8959
2.254,9.8756
2.264,9.8621
2.274,9.882
2.284,9.9046
2.294,9.9696
2.304,10.006
2.314,9.9895
2.324,9.9577
2.334,9.9161
2.344,9.8747
2.354,9.8524
2.364,9.842
2.374,9.8563
2.384,9.8486
2.394,9.8699
2.404,9.8194
2.414,9.8196
2.424,9.7911
2.434,9.8227
2.444,9.8257
2.454,9.8625
2.464,9.9257
2.474,9.9528
2.484,9.9389
2.494,9.9223
2.504,9.9224
2.514,9.9318
2.524,9.9292
2.534,9.9354
2.544,9.9393
2.554,9.9003
2.564,9.8922
2.574,9.8576
2.584,9.8283
2.594,9.7914
2.604,9.8081
2.614,9.8341
2.624,9.8224
2.634,9.8636
2.644,9.8521
2.654,9.8405
2.664,9.863
2.673,9.8639
2.683,9.8793
2.693,9.9205
2.703,9.9302
2.713,9.9595
2.723,9.9456
2.733,9.9121
2.743,9.9067
2.753,9.8848
2.763,9.8557
2.773,9.8554
2.783,9.8811
2.793,9.8789
2.803,9.8687
2.813,9.8446
2.823,9.8399
2.833,9.8351
2.843,9.8426
2.853,9.8549
2.863,9.8796
2.873,9.8986
2.883,9.9039
2.893,9.9045
2.903,9.9068
2.913,9.9045
2.923,9.9164
2.933,9.9208
2.943,9.9061
2.953,9.9152
2.963,9.9122
2.973,9.8976
2.983,9.8633
2.993,9.8292
3.003,9.8311
3.013,9.8286
3.023,9.857
3.033,9.8615
3.043,9.8426
3.053,9.8597
3.063,9.8603
3.073,9.8582
3.083,9.8805
3.093,9.8905
3.103,9.8982
3.112,9.9037
3.122,9.9107
3.132,9.9229
3.142,9.904
3.152,9.911
3.162,9.9039
3.172,9.8672
3.182,9.8817
3.192,9.8839
3.202,9.8766
3.212,9.8811
3.222,9.8569
3.232,9.8569
3.242,9.8594
3.252,9.8453
3.262,9.8645
3.272,9.8836
3.282,9.9031
3.292,9.8649
3.302,9.882
3.312,9.894
3.322,9.8892
3.332,9.8989
3.342,9.9131
3.352,9.8986
3.362,9.9146
3.372,9.9003
3.382,9.8808
3.392,9.8637
3.402,9.8563
3.412,9.8747
3.422,9.8603
3.432,9.8601
3.442,9.8748
3.452,9.8537
3.462,9.8702
3.472,9.839
3.482,9.8588
3.492,9.8663
3.502,9.8787
3.512,9.8865
3.522,9.8961
3.532,9.8964
3.542,9.9083
3.552,9.8964
3.562,9.8798
3.572,9.9012
3.581,9.882
3.591,9.8841
3.601,9.8883
3.611,9.876
3.621,9.8738
3.631,9.8546
3.641,9.8594
3.651,9.8714
3.661,9.8712
3.671,9.8738
3.681,9.8883
3.691,9.8813
3.701,9.8905
3.711,9.8982
3.721,9.8857
3.731,9.8643
3.741,9.8883
3.751,9.8857
3.761,9.8877
3.771,9.9021
3.781,9.878
3.791,9.9018
3.801,9.8826
3.811,9.8438
3.821,9.8581
3.831,9.8775
3.841,9.8727
3.851,9.8703
3.861,9.8684
3.871,9.8636
3.881,9.8783
3.891,9.8639
3.901,9.8887
3.911,9.8813
3.921,9.8962
3.931,9.8551
3.941,9.9178
3.951,9.8745
3.961,9.9058
3.971,9.9031
3.981,9.867
3.991,9.8768
4.001,9.9079
4.011,9.8765
4.02,9.8694
4.03,9.8667
4.04,9.8619
4.05,9.8908
4.06,9.8739
4.07,9.9
4.08,9.8781
4.09,9.8781
4.1,9.8612
4.11,9.881
4.12,9.8778
4.13,9.8778
4.14,9.8781
4.15,9.8946
4.16,9.8872
4.17,9.8922
4.18,9.8871
4.19,9.8702
4.2,9.8631
4.21,9.8892
4.22,9.882
4.23,9.87
4.24,9.8799
4.25,9.8751
4.26,9.8778
4.27,9.875
4.28,9.8778
4.29,9.8757
4.3,9.8687
4.31,9.8878
4.32,9.8811
4.33,9.8763
4.34,9.8813
4.35,9.8694
4.36,9.8862
4.37,9.879
4.38,9.8813
4.39,9.8985
4.4,9.8863
4.41,9.8697
4.42,9.8841
4.43,9.8887
4.44,9.867
4.45,9.8694
4.46,9.8814
4.47,9.8884
4.48,9.8881
4.489,9.869
4.499,9.8881
4.509,9.8808
4.519,9.883
4.529,9.8877
4.539,9.8851
4.549,9.8829
4.559,9.885
4.569,9.8682
4.579,9.8804
4.589,9.892
4.599,9.8848
4.609,9.8655
4.619,9.8726
4.629,9.8631
4.639,9.8703
4.649,9.8657
4.659,9.8874
4.669,9.8706
4.679,9.8681
4.689,9.8805
4.699,9.8971
4.709,9.8808
4.719,9.8736
4.729,9.8763
4.739,9.8881
4.749,9.8786
4.759,9.8595
4.769,9.8887
4.779,9.8717
4.789,9.867
4.799,9.8836
4.809,9.8666
4.819,9.8763
4.829,9.8859
4.839,9.8643
4.849,9.8813
4.859,9.8717
4.869,9.8835
4.879,9.8811
4.889,9.8667
4.899,9.8783
4.909,9.8929
4.919,9.881
4.928,9.8899
4.938,9.8973
4.948,9.8709
4.958,9.8854
4.968,9.8777
4.978,9.878
4.988,9.8901
4.998,9.8826
5.008,9.8997
5.018,9.8754
5.028,9.8875
5.038,9.8805
5.048,9.8901
5.058,9.883
5.068,9.8898
5.078,9.8736
5.088,9.8784
5.098,9.8833
5.108,9.8881
5.118,9.8766
5.128,9.8883
5.138,9.8884
5.148,9.9004
5.158,9.886
5.168,9.8814
5.178,9.8766
5.188,9.8699
5.198,9.8792
5.208,9.879
5.218,9.8841
5.228,9.8863
5.238,9.8646
5.248,9.8739
5.258,9.8907
5.268,9.8664
5.278,9.8783
5.288,9.8542
5.298,9.876
5.308,9.8878
5.318,9.8591
5.328,9.8756
5.338,9.8732
5.348,9.8899
5.358,9.8586
5.368,9.8804
5.377,9.8732
5.387,9.8705
5.397,9.8633
5.407,9.8804
5.417,9.8827
5.427,9.8732
5.437,9.8661
5.447,9.8875
5.457,9.8829
5.467,9.8856
5.477,9.857
5.487,9.8786
5.497,9.8908
5.507,9.8983
5.517,9.8986
5.527,9.9109
5.537,9.8992
5.547,9.8968
5.557,9.9039
5.567,9.8944
5.577,9.8946
5.587,9.911
5.597,9.9062
5.607,9.8943
5.617,9.8916
5.627,9.906
5.637,9.86
5.647,9.85
5.657,9.9025
5.667,9.8473
5.677,9.8637
5.687,9.8781
5.697,9.8875
5.707,9.8901
5.717,9.8564
5.727,9.8953
5.737,9.9094
5.747,9.8956
5.757,9.9122
5.767,9.9001
5.777,9.917
5.787,9.9097
5.797,9.9121
5.807,9.8756
5.817,9.8947
5.827,9.9067
5.837,9.8702
5.846,9.8941
5.856,9.8821
5.866,9.8824
5.876,9.8872
5.886,9.8754
5.896,9.8516
5.906,9.8757
5.916,9.8756
5.926,9.8663
5.936,9.885
5.946,9.9212
5.956,9.9218
5.966,9.9512
5.976,9.9612
5.986,9.9958
5.996,10.023
6.006,10.065
6.016,10.039
6.026,10.071
6.036,10.026
6.046,10.083
6.056,10.012
6.066,10.084
6.076,9.9407
6.086,9.9751
6.096,10.07
6.106,10.051
6.116,9.9555
6.126,9.8601
6.136,9.8043
6.146,9.9646
6.156,9.861
6.166,9.9012
6.176,9.5528
6.186,9.5952
6.196,9.5126
6.206,9.6329
6.216,9.634
6.226,9.7552
6.236,9.7284
6.246,9.8178
6.256,9.7347
6.266,9.7262
6.276,9.7082
6.286,9.6802
6.296,9.7646
6.306,9.804
6.315,9.8965
6.325,9.8925
6.335,9.9242
6.345,9.8983
6.355,9.976
6.365,9.9417
6.375,10.218
6.385,9.9953
6.395,10.097
6.405,9.8845
6.415,9.9586
6.425,9.8432
6.435,10.115
6.445,9.8479
6.455,10.331
6.465,10.144
6.475,10.375
6.485,9.9588
6.495,10.187
6.505,9.7988
6.515,10.022
6.525,9.892
6.535,9.8634
6.545,9.8507
6.555,9.8772
6.565,9.8206
6.575,9.4769
6.585,9.7802
6.595,9.6488
6.605,9.9227
6.615,9.6389
6.625,9.8335
6.635,9.4949
6.645,9.6765
6.655,9.5389
6.665,9.8314
6.675,9.6525
6.685,10.117
6.695,9.6991
6.705,10.324
6.715,9.659
6.725,10.296
6.735,9.634
6.745,10.348
6.755,9.5955
6.765,10.452
6.775,10.086
6.785,10.313
6.795,10.101
6.804,9.8558
6.814,9.997
6.824,9.8256
6.834,9.9636
6.844,9.5227
6.854,9.3464
6.864,9.0071
6.874,9.1883
6.884,8.9054
6.894,9.0725
6.904,8.8783
6.914,9.5368
6.924,9.7663
6.934,10.537
6.944,10.509
6.954,10.585
6.964,9.9512
6.974,9.7364
6.984,9.3103
6.994,9.5347
7.004,9.6777
7.014,10.125
7.024,10.304
7.034,10.392
7.044,10.183
7.054,9.8597
7.064,9.5531
7.074,9.3919
7.084,9.5039
7.094,9.7426
7.104,10.044
7.114,10.213
7.124,10.156
7.134,9.8985
7.144,9.6647
7.154,9.4771
7.164,9.547
7.174,9.6959
7.184,10.026
7.194,10.139
7.204,10.229
7.214,10.059
7.224,9.9018
7.234,9.7081
7.244,9.6435
7.254,9.7269
7.264,9.8865
7.274,10.051
7.283,10.134
7.293,10.11
7.303,9.9224
7.313,9.7066
7.323,9.5913
7.333,9.5907
7.343,9.753
7.353,9.9465
7.363,10.023
7.373,10.049
7.383,9.9178
7.393,9.8112
7.403,9.6727
7.413,9.6876
7.423,9.7787
7.433,9.9413
7.443,10.035
7.453,10.066
7.463,10.014
7.473,9.9013
7.483,9.7886
7.493,9.7139
7.503,9.7381
7.513,9.8429
7.523,9.9431
7.533,9.988
7.543,9.9688
7.553,9.8925
7.563,9.7877
7.573,9.7117
7.583,9.6852
7.593,9.7739
7.603,9.8988
7.613,10.019
7.623,10.082
7.633,10.18
7.643,10.42
7.653,10.532
7.663,11.042
7.673,11.081
7.683,11.532
7.693,11.398
7.703,11.633
7.713,11.447
7.723,11.842
7.733,11.565
7.743,10.96
7.753,10.609
7.762,9.9347
7.772,10.212
7.782,9.9881
7.792,10.552
7.802,9.4557
7.812,9.2487
7.822,8.7189
7.832,9.1885
7.842,8.8789
7.852,9.4472
7.862,9.3784
7.872,10.293
7.882,9.8971
7.892,10.422
7.902,10.081
7.912,10.298
7.922,10.866
7.932,11.13
7.942,11.291
7.952,10.548
7.962,10.565
7.972,9.8516
7.982,10.502
7.992,9.8706
8.002,10.564
8.012,9.2683
8.022,9.228
8.032,8.6453
8.042,8.7239
8.052,8.5508
8.062,8.4588
8.072,8.0077
8.082,8.2776
8.092,8.8221
8.102,9.1966
8.112,9.7227
8.122,10.082
8.132,10.597
8.142,10.916
8.152,11.071
8.162,10.793
8.172,10.43
8.182,10.672
8.192,10.973
8.202,10.983
8.212,10.62
8.222,10.459
8.232,9.8307
8.242,9.0915
8.252,9.0084
8.262,8.9797
8.272,8.9891
8.282,8.5451
8.291,8.6583
8.301,8.0949
8.311,8.1565
8.321,8.5189
8.331,9.1984
8.341,9.738
8.351,9.7576
8.361,9.8254
8.371,9.7088
8.381,10.335
8.391,10.261
8.401,10.522
8.411,9.8031
8.421,9.831
8.431,9.7262
8.441,10.2
8.451,9.85
8.461,10.215
8.471,9.8673
8.481,10.349
8.491,10.102
8.501,10.008
8.511,9.9456
8.521,9.928
8.531,10.591
8.541,10.805
8.551,10.655
8.561,10.485
8.571,10.278
8.581,10.416
8.591,10.391
8.601,9.954
8.611,9.3217
8.621,9.1859
8.631,9.2347
8.641,9.5808
8.651,9.7157
8.661,9.7913
8.671,9.4163
8.681,9.3569
8.691,9.0241
8.701,8.9271
8.711,8.8367
8.721,8.9993
8.731,9.5361
8.741,10.007
8.751,9.98
8.761,9.9907
8.771,9.8348
8.781,10.35
8.791,10.238
8.8,10.293
8.81,9.8757
8.82,9.8952
8.83,9.9886
8.84,10.327
8.85,10.143
8.86,10.272
8.87,9.8088
8.88,9.665
8.89,9.6287
8.9,9.3618
8.91,9.1874
8.92,9.4244
8.93,10.036
8.94,10.244
8.95,10.253
8.96,10.042
8.97,10.042
8.98,10.035
8.99,10.329
9,10.021
9.01,9.6931
9.02,9.0512
9.03,9.2918
9.04,9.426
9.05,9.5043
9.06,9.8733
9.07,9.8518
9.08,10.189
9.09,9.9667
9.1,9.7428
9.11,9.7539
9.12,9.6626
9.13,9.8961
9.14,9.6214
9.15,9.3523
9.16,8.8791
9.17,8.8089
9.18,8.8119
9.19,9.1639
9.2,9.2283
9.21,9.5147
9.22,9.7798
9.23,10.097
9.24,10.178
9.25,10.418
9.26,10.397
9.27,10.707
9.28,10.902
9.289,10.752
9.299,10.777
9.309,10.424
9.319,10.513
9.329,10.442
9.339,10.404
9.349,10.641
9.359,10.604
9.369,10.869
9.379,10.801
9.389,10.785
9.399,9.991
9.409,9.7494
9.419,9.3027
9.429,9.3844
9.439,9.3689
9.449,9.3855
9.459,9.2253
9.469,9.4461
9.479,9.5102
9.489,9.6093
9.499,9.4067
9.509,9.6343
9.519,9.7088
9.529,9.5072
9.539,9.7414
9.549,9.8937
9.559,9.9772
9.569,10.09
9.579,9.9592
9.589,10.119
9.599,9.739
9.609,9.3326
9.619,8.9888
9.629,8.7774
9.639,8.6716
9.649,8.9429
9.659,8.9701
9.669,9.2386
9.679,9.2663
9.689,9.5211
9.699,9.5674
9.709,10.14
9.719,10.258
9.729,10.552
9.739,10.231
9.749,10.599
9.759,10.337
9.769,10.182
9.779,10.469
9.789,10.149
9.798,10.46
9.808,10.451
9.818,10.741
9.828,10.827
9.838,10.706
9.848,10.787
9.858,10.338
9.868,10.255
9.878,9.814
9.888,9.7608
9.898,9.1672
9.908,9.1331
9.918,8.9214
9.928,9.3463
9.938,9.3787
9.948,9.4246
9.958,9.5186
9.968,9.4015
9.978,9.5477
9.988,9.641
9.998,9.7308
10.008,9.8578
10.018,9.4058
10.028,9.6925
10.038,9.4793
10.048,9.9098
10.058,9.6157
10.068,9.8181
10.078,9.8747
10.088,10.423
10.098,10.357
10.108,10.418
10.118,10.039
10.128,10.171
10.138,10.092
10.148,10.048
10.158,10.083
10.168,9.7558
10.178,9.919
10.188,9.775
10.198,9.958
10.208,9.8139
10.218,10.019
10.228,9.8886
10.238,10.42
10.248,10.259
10.258,10.451
10.268,10.079
10.277,9.9128
10.287,9.5762
10.297,9.4627
10.307,9.3734
10.317,9.6191
10.327,9.6663
10.337,9.7744
10.347,9.6117
10.357,9.8497
10.367,9.4819
10.377,9.7697
10.387,9.5477
10.397,9.5879
10.407,9.29
10.417,9.6214
10.427,9.18
10.437,9.1584
10.447,8.7918
10.457,9.1409
10.467,9.2645
10.477,9.6838
10.487,9.7437
10.497,10.263
10.507,10.402
10.517,10.607
10.527,10.491
10.537,10.924
10.547,10.5
10.557,10.645
10.567,10.33
10.577,10.323
10.587,9.6114
10.597,9.8443
10.607,9.0674
10.617,9.4073
10.627,9.0211
10.637,9.6462
10.647,9.4822
10.657,10.371
10.667,10.294
10.677,10.848
10.687,10.9
10.697,11.307
10.707,11.571
10.717,11.208
10.727,10.963
10.737,10.258
10.747,9.9119
10.757,9.6196
10.767,9.419
10.777,9.4115
10.787,9.234
10.796,9.3193
10.806,9.0536
10.816,9.143
10.826,8.7743
10.836,8.7179
10.846,8.3399
10.856,8.4683
10.866,8.6972
10.876,9.0388
10.886,9.6374
10.896,9.8603
10.906,9.9559
10.916,10.233
10.926,10.257
10.936,10.694
10.946,10.598
10.956,10.776
10.966,10.357
10.976,10.489
10.986,9.754
10.996,9.8503
11.006,9.2472
11.016,9.4238
11.026,9.0024
11.036,9.4906
11.046,9.3945
11.056,9.4593
11.066,9.2677
11.076,9.5495
11.086,9.6088
11.096,9.9863
11.106,9.9139
11.116,10.023
11.126,10.053
11.136,10.447
11.146,10.346
11.156,10.831
11.166,10.139
11.176,10.571
11.186,10.119
11.196,10.329
11.206,9.6434
11.216,9.8627
11.226,9.5892
11.236,9.4892
11.246,9.5121
11.256,9.3141
11.266,9.7458
11.275,9.6159
11.285,9.779
11.295,9.6985
11.305,9.8027
11.315,9.7837
11.325,10.129
11.335,9.9928
11.345,9.8588
11.355,9.5346
11.365,9.6946
11.375,9.6678
11.385,9.8476
11.395,9.7292
11.405,9.9503
11.415,10.286
11.425,10.322
11.435,10.375
11.445,10.11
11.455,10.313
11.465,10.161
11.475,10.434
11.485,10.047
11.495,10.238
11.505,9.5723
11.515,9.8555
11.525,9.2425
11.535,9.7404
11.545,9.6058
11.555,10.325
11.565,10.153
11.575,10.569
11.585,10.437
11.595,10.353
11.605,10.459
11.615,10.301
11.625,10.254
11.635,9.9387
11.645,9.8751
11.655,9.1656
11.665,9.2177
11.675,8.7152
11.685,8.8412
11.695,8.7222
11.705,9.0171
11.715,9.4832
11.725,9.7687
11.735,9.8495
11.745,10.06
11.755,9.8691
11.764,10.203
11.774,10.039
11.784,10.251
11.794,9.9576
11.804,9.9384
11.814,9.6489
11.824,9.4787
11.834,9.3753
11.844,9.2654
11.854,9.4681
11.864,9.5205
11.874,9.7994
11.884,9.8277
11.894,10.516
11.904,10.048
11.914,10.878
11.924,10.055
11.934,10.702
11.944,10.056
11.954,10.473
11.964,10.281
11.974,10.382
11.984,9.8787
11.994,10.205
12.004,9.5689
12.014,9.7658
12.024,9.1876
12.034,9.5465
12.044,9.1014
12.054,9.593
12.064,9.0692
12.074,9.775
12.084,9.421
12.094,9.9696
12.104,10.138
12.114,10.039
12.124,10.563
12.134,9.7287
12.144,10.469
12.154,9.861
12.164,10.354
12.174,10.291
12.184,9.9917
12.194,10.36
12.204,9.4695
12.214,10.14
12.224,9.2792
12.234,9.8034
12.243,9.5695
12.253,10.046
12.263,9.8804
12.273,10.185
12.283,9.8748
12.293,9.9124
12.303,9.8507
12.313,9.9539
12.323,10.055
12.333,9.9576
12.343,9.8211
12.353,9.794
12.363,9.6626
12.373,9.7855
12.383,9.7694
12.393,10.135
12.403,10.068
12.413,10.674
12.423,10.088
12.433,10.565
12.443,9.879
12.453,10.327
12.463,9.8206
12.473,9.6473
12.483,9.0595
12.493,8.9481
12.503,8.6584
12.513,8.7789
12.523,8.5314
12.533,9.1891
12.543,8.6465
12.553,9.7161
12.563,9.3341
12.573,10.256
12.583,9.8001
12.593,10.225
12.603,10.243
12.613,10.094
12.623,10.3
12.633,10.263
12.643,10.501
12.653,10.414
12.663,10.317
12.673,10.374
12.683,10.095
12.693,10.253
12.703,10.013
12.713,9.9688
12.723,9.3505
12.733,9.4428
12.742,9.302
12.752,9.485
12.762,9.766
12.772,9.3587
12.782,10.664
12.792,9.6111
12.802,11.305
12.812,10.498
12.822,11.046
12.832,10.865
12.842,10.448
12.852,10.97
12.862,10.232
12.872,10.57
12.882,9.8869
12.892,9.2105
12.902,8.9222
12.912,8.3119
12.922,8.2731
12.932,8.471
12.942,8.6523
12.952,9.1063
12.962,9.2361
12.972,9.7515
12.982,9.6498
12.992,10.163
13.002,10.049
13.012,10.562
13.022,10.485
13.032,10.529
13.042,10.582
13.052,10.261
13.062,10.381
13.072,10.109
13.082,10.11
13.092,9.6385
13.102,9.8052
13.112,9.7973
13.122,9.7461
13.132,9.8575
13.142,9.6412
13.152,10.254
13.162,9.8121
13.172,10.195
13.181,10.103
13.191,9.8747
13.201,10.222
13.211,9.5919
13.221,9.8807
13.231,9.4835
13.241,9.6802
13.251,9.468
13.261,9.9616
13.271,9.6721
13.281,10.332
13.291,9.7991
13.301,10.188
13.311,9.8028
13.321,9.8236
13.331,9.6259
13.341,9.4214
13.351,9.6573
13.361,9.5247
13.371,9.3246
13.381,9.4087
13.391,9.1921
13.401,9.6479
13.411,9.282
13.421,9.9166
13.431,9.3768
13.441,10.004
13.451,9.6856
13.461,9.9973
13.471,10.314
13.481,9.9031
13.491,10.954
13.501,10.205
13.511,11.045
13.521,10.178
13.531,10.471
13.541,9.9022
13.551,10.036
13.561,10.202
13.571,9.6052
13.581,9.834
13.591,9.0428
13.601,9.8332
13.611,8.8186
13.621,9.8063
13.631,9.1976
13.641,9.9407
13.651,10.432
13.66,10.385
13.67,11.162
13.68,10.569
13.69,11.401
13.7,10.996
13.71,10.874
13.72,10.709
13.73,9.7371
13.74,10.063
13.75,9.3373
13.76,9.3419
13.77,8.8164
13.78,8.5486
13.79,8.4975
13.8,8.5888
13.81,8.9367
13.82,9.3033
13.83,9.2981
13.84,9.9401
13.85,9.3452
13.86,10.198
13.87,9.5693
13.88,10.112
13.89,10.257
13.9,10.011
13.91,10.358
13.92,10.005
13.93,9.9625
13.94,9.7028
13.95,9.7239
13.96,9.6337
13.97,9.5304
13.98,9.5051
13.99,9.6899
14,9.8456
14.01,10.103
14.02,10.053
14.03,10.172
14.04,9.8642
14.05,10.004
14.06,9.5958
14.07,10.292
14.08,9.2972
14.09,10.576
14.1,9.1205
14.11,10.549
14.12,9.2111
14.13,10.298
14.139,9.2075
14.149,10.078
14.159,9.637
14.169,10.115
14.179,9.5759
14.189,9.9495
14.199,9.5867
14.209,9.9729
14.219,9.4988
14.229,10.147
14.239,9.5368
14.249,10.616
14.259,10.053
14.269,10.657
14.279,9.9817
14.289,10.789
14.299,10.26
14.309,10.813
14.319,9.8163
14.329,10.012
14.339,9.387
14.349,9.7149
14.359,8.9535
14.369,9.3317
14.379,8.5995
14.389,8.9729
14.399,8.8417
14.409,9.3454
14.419,9.2376
14.429,9.9025
14.439,9.8097
14.449,10.75
14.459,10.542
14.469,11.227
14.479,11.041
14.489,11.42
14.499,11.213
14.509,11.026
14.519,10.943
14.529,10.611
14.539,10.433
14.549,9.8929
14.559,9.4226
14.569,8.9758
14.579,8.5162
14.589,8.2077
14.599,8.2019
14.609,8.0441
14.619,8.7261
14.628,8.3279
14.638,9.6205
14.648,9.1289
14.658,10.398
14.668,10.168
14.678,10.709
14.688,10.96
14.698,10.596
14.708,11.142
14.718,10.213
14.728,11.524
14.738,9.5847
14.748,11.537
14.758,8.8179
14.768,10.585
14.778,8.2508
14.788,9.5647
14.798,7.847
14.808,8.965
14.818,8.0309
14.828,9.4302
14.838,8.6575
14.848,10.003
14.858,9.1785
14.868,10.18
14.878,10.038
14.888,10.552
14.898,10.587
14.908,10.339
14.918,10.913
14.928,10.165
14.938,10.971
14.948,9.7215
14.958,10.63
14.968,9.6738
14.978,10.542
14.988,9.72
14.998,10.508
15.008,9.2307
15.018,10.35
15.028,9.1846
15.038,10.245
15.048,9.0137
15.058,9.7042
15.068,9.1735
15.078,9.2097
15.088,9.5054
15.097,9.3124
15.107,9.7335
15.117,9.5545
15.127,9.8371
15.137,9.9794
15.147,9.6626
15.157,10.177
15.167,10.015
15.177,10.328
15.187,10.529
15.197,10.536
15.207,11.134
15.217,10.592
15.227,10.975
15.237,10.424
15.247,10.398
15.257,9.9498
15.267,9.7569
15.277,9.2565
15.287,8.9426
15.297,8.972
15.307,8.3802
15.317,9.1547
15.327,9.1159
15.337,9.7533
15.347,9.9236
15.357,10.134
15.367,10.291
15.377,10.586
15.387,10.801
15.397,10.789
15.407,11.003
15.417,10.683
15.427,10.84
15.437,10.153
15.447,10.347
15.457,9.6826
15.467,9.3901
15.477,9.1638
15.487,8.6409
15.497,9.0541
15.507,8.4638
15.517,8.9863
15.527,8.8322
15.537,9.1503
15.547,9.2606
15.557,9.4969
15.566,9.5388
15.576,9.4726
15.586,9.8218
15.596,9.7693
15.606,9.872
15.616,10.09
15.626,10.007
15.636,10.157
15.646,10.166
15.656,10.176
15.666,9.9601
15.676,10.158
15.686,9.7349
15.696,9.906
15.706,9.7019
15.716,9.5269
15.726,9.9209
15.736,9.6097
15.746,10.053
15.756,9.7343
15.766,9.9609
15.776,9.7709
15.786,10.054
15.796,9.8811
15.806,10.343
15.816,10.001
15.826,10.427
15.836,10.211
15.846,10.414
15.856,10.822
15.866,10.332
15.876,10.941
15.886,10.363
15.896,10.828
15.906,10.287
15.916,10.601
15.926,9.626
15.936,10.249
15.946,9.1678
15.956,9.641
15.966,8.936
15.976,8.6896
15.986,8.5556
15.996,8.6337
16.006,8.477
16.016,8.8074
16.026,9.2244
16.036,9.1331
16.045,10.33
16.055,9.4943
16.065,11.181
16.075,10.28
16.085,11.299
16.095,10.69
16.105,10.457
16.115,10.897
16.125,10.154
16.135,10.374
16.145,10.269
16.155,9.5624
16.165,9.728
16.175,9.0773
16.185,9.5215
16.195,8.8081
16.205,9.3117
16.215,9.3424
16.225,9.3391
16.235,10.161
16.245,9.8624
16.255,10.836
16.265,10.447
16.275,10.999
16.285,10.254
16.295,11.162
16.305,9.8977
16.315,11.193
16.325,9.4183
16.335,10.729
16.345,8.7077
16.355,9.9136
16.365,8.3209
16.375,8.9264
16.385,8.1887
16.395,8.6361
16.405,8.2314
16.415,9.262
16.425,8.4134
16.435,9.5903
16.445,9.0029
16.455,9.9236
16.465,9.8881
16.475,10.134
16.485,10.228
16.495,10.307
16.505,10.485
16.515,10.307
16.525,10.443
16.535,10.376
16.544,10.405
16.554,10.695
16.564,10.306
16.574,10.348
16.584,10.205
16.594,10.012
16.604,10.252
16.614,10.128
16.624,9.8152
16.634,9.6385
16.644,9.5769
16.654,9.4439
16.664,9.6576
16.674,9.4247
16.684,9.7075
16.694,9.8194
16.704,9.8319
16.714,10.216
16.724,10.083
16.734,10.41
16.744,10.39
16.754,10.69
16.764,10.836
16.774,10.596
16.784,11.093
16.794,10.306
16.804,10.876
16.814,9.6365
16.824,10.007
16.834,9.0687
16.844,8.6334
16.854,8.8099
16.864,7.9962
16.874,8.7254
16.884,8.2107
16.894,9.3606
16.904,8.6523
16.914,9.5693
16.924,9.2009
16.934,10.108
16.944,10.352
16.954,10.311
16.964,10.69
16.974,10.303
16.984,11.094
16.993,10.46
17.003,10.975
17.013,10.278
17.023,10.127
17.033,10.091
17.043,9.457
17.053,9.8142
17.063,9.0875
17.073,9.1999
17.083,9.2121
17.093,8.9921
17.103,9.3186
17.113,9.6235
17.123,9.4949
17.133,10.072
17.143,9.4922
17.153,10.15
17.163,9.6085
17.173,9.9833
17.183,9.7792
17.193,9.9986
17.203,9.8823
17.213,9.6959
17.223,9.9794
17.233,9.6682
17.243,10.041
17.253,9.8453
17.263,10.324
17.273,9.9214
17.283,10.197
17.293,9.6676
17.303,9.7717
17.313,9.4864
17.323,9.4537
17.333,9.4635
17.343,9.7435
17.353,9.1229
17.363,10.211
17.373,8.993
17.383,10.469
17.393,9.5227
17.403,10.992
17.413,10.587
17.423,11.176
17.433,10.881
17.443,11.001
17.453,10.683
17.463,11.027
17.473,10.121
17.482,11.008
17.492,10.05
17.502,10.052
17.512,9.2791
17.522,9.2018
17.532,8.8445
17.542,8.9092
17.552,8.6569
17.562,8.364
17.572,9.2328
17.582,8.5948
17.592,10.093
17.602,9.2648
17.612,10.097
17.622,9.9544
17.632,10.391
17.642,10.537
17.652,10.877
17.662,10.587
17.672,11.135
17.682,10.568
17.692,10.415
17.702,10.272
17.712,9.4055
17.722,10.174
17.732,8.3992
17.742,9.5894
17.752,8.2832
17.762,9.1903
17.772,8.667
17.782,9.093
17.792,9.2684
17.802,9.6826
17.812,9.8334
17.822,10.84
17.832,10.263
17.842,11.268
17.852,10.519
17.862,11.339
17.872,10.742
17.882,10.941
17.892,10.934
17.902,10.337
17.912,10.541
17.922,9.554
17.931,9.6564
17.941,8.9075
17.951,8.5815
17.961,8.2233
17.971,7.8892
17.981,8.1257
17.991,8.2669
18.001,8.7292
18.011,9.3015
18.021,9.3975
18.031,9.9619
18.041,9.8892
18.051,10.299
18.061,10.147
18.071,10.609
18.081,10.549
18.091,10.853
18.101,10.706
18.111,10.893
18.121,10.484
18.131,10.749
18.141,10.158
18.151,10.344
18.161,9.4129
18.171,9.5879
18.181,9.3687
18.191,9.3811
18.201,9.341
18.211,9.8353
18.221,8.9535
18.231,10.562
18.241,9.0291
18.251,10.755
18.261,9.7197
18.271,10.664
18.281,10.34
18.291,11.03
18.301,10.804
18.311,10.849
18.321,10.701
18.331,11.128
18.341,10.903
18.351,10.86
18.361,10.885
18.371,9.9667
18.381,9.5816
18.391,9.7688
18.401,8.4633
18.411,8.726
18.421,7.9251
18.43,8.0112
18.44,8.411
18.45,8.1369
18.46,8.7031
18.47,8.6236
18.48,9.5006
18.49,8.9466
18.5,10.169
18.51,9.409
18.52,10.717
18.53,9.8509
18.54,11.082
18.55,10.088
18.56,11.205
18.57,9.7232
18.58,11.215
18.59,9.3585
18.6,10.733
18.61,9.1145
18.62,9.4608
18.63,8.9223
18.64,8.9036
18.65,9.7001
18.66,9.1059
18.67,10.083
18.68,9.8601
18.69,10.3
18.7,10.442
18.71,10.253
18.72,10.542
18.73,10.273
18.74,10.776
18.75,10.001
18.76,10.99
18.77,9.7393
18.78,10.571
18.79,9.9094
18.8,9.8848
18.81,10.283
18.82,9.2573
18.83,10.342
18.84,8.6995
18.85,10.22
18.86,8.452
18.87,9.5079
18.88,8.511
18.89,9.3111
18.9,9.0577
18.91,8.8477
18.919,9.241
18.929,9.2499
18.939,9.7853
18.949,9.8438
18.959,9.6888
18.969,10.61
18.979,9.5964
18.989,11.4
18.999,10.065
19.009,11.787
19.019,10.184
19.029,11.83
19.039,9.6756
19.049,11.861
19.059,9.6509
19.069,11.252
19.079,9.7941
19.089,10.398
19.099,9.5254
19.109,9.7706
19.119,9.1858
19.129,9.3542
19.139,8.9337
19.149,9.5195
19.159,9.3341
19.169,9.3413
19.179,9.6109
19.189,9.3936
19.199,10.045
19.209,9.5004
19.219,9.864
19.229,9.7506
19.239,9.7281
19.249,10.09
19.259,10.114
19.269,9.8709
19.279,10.464
19.289,9.6678
19.299,10.767
19.309,9.4972
19.319,10.398
19.329,9.1662
19.339,10.001
19.349,9.1856
19.359,9.6253
19.369,9.5591
19.379,8.78
19.389,9.2433
19.398,7.9949
19.408,8.958
19.418,8.3291
19.428,9.4049
19.438,9.4165
19.448,10.379
19.458,10.443
19.468,11.019
19.478,10.843
19.488,10.961
19.498,10.801
19.508,10.919
19.518,11.128
19.528,10.719
19.538,11.128
19.548,9.9492
19.558,11.025
19.568,9.5421
19.578,10.664
19.588,9.0434
19.598,9.8539
19.608,8.3053
19.618,9.1788
19.628,8.1925
19.638,8.7255
19.648,8.158
19.658,8.9065
19.668,8.6977
19.678,9.36
19.688,9.1349
19.698,9.6123
19.708,9.6825
19.718,9.8766
19.728,10.097
19.738,10.245
19.748,10.107
19.758,10.802
19.768,9.4876
19.778,10.953
19.788,9.332
19.798,10.924
19.808,9.5675
19.818,10.537
19.828,10.27
19.838,10.195
19.848,10.746
19.858,10.252
19.867,10.772
19.877,10.302
19.887,11.472
19.897,9.8262
19.907,11.709
19.917,10.026
19.927,10.68
19.937,9.9217
19.947,10.183
19.957,9.9507
19.967,9.7166
19.977,9.4106
19.987,9.1656
19.997,8.4183
20.007,9.5733
20.017,7.6939
20.027,10.555
20.037,7.7193
20.047,10.724
20.057,8.7319
20.067,10.353
20.077,9.3335
20.087,10.648
20.097,8.8887
20.107,10.6
20.117,9.2172
20.127,10.14
20.137,9.7515
20.147,9.3951
20.157,10.15
20.167,9.0792
20.177,9.8263
20.187,9.0738
20.197,9.5022
20.207,9.3775
20.217,8.9387
20.227,10.21
20.237,9.1274
20.247,10.695
20.257,9.7807
20.267,10.73
20.277,10.411
20.287,10.798
20.297,10.684
20.307,10.884
20.317,10.716
20.327,10.696
20.337,10.93
20.347,10.298
20.356,10.633
20.366,9.8545
20.376,9.8721
20.386,9.8795
20.396,9.124
20.406,9.6663
20.416,8.8595
20.426,8.8363
20.436,8.7474
20.446,8.7492
20.456,8.7276
20.466,9.2551
20.476,8.9149
20.486,9.507
20.496,9.4406
20.506,9.4564
20.516,9.8589
20.526,9.6409
20.536,10.337
20.546,9.4484
20.556,10.822
20.566,9.3271
20.576,10.592
20.586,9.631
20.596,10.475
20.606,10.217
20.616,10.174
20.626,10.555
20.636,10.433
20.646,10.283
20.656,10.605
20.666,9.826
20.676,11.393
20.686,10.181
20.696,10.721
20.706,9.9242
20.716,9.9791
20.726,9.9435
20.736,9.9751
20.746,9.819
20.756,10.05
20.766,9.5307
20.776,10.43
20.786,9.6302
20.796,10.104
20.806,9.7483
20.816,9.5627
20.826,9.9152
20.836,9.4066
20.846,9.8875
20.855,9.5021
20.865,9.2621
20.875,10.092
20.885,9.4912
20.895,10.309
20.905,9.5454
20.915,9.6416
20.925,9.4609
20.935,8.9984
20.945,9.3502
20.955,8.8183
20.965,9.4988
20.975,9.0198
20.985,9.1982
20.995,9.2306
21.005,8.9746
21.015,9.9423
21.025,9.2955
21.035,10.509
21.045,9.5295
21.055,10.547
21.065,10.006
21.075,10.437
21.085,10.828
21.095,10.338
21.105,10.994
21.115,10.742
21.125,11.01
21.135,10.888
21.145,10.692
21.155,10.63
21.165,10.074
21.175,10.314
21.185,9.6289
21.195,9.4436
21.205,9.9546
21.215,8.5595
21.225,9.9455
21.235,8.245
21.245,9.7181
21.255,8.6233
21.265,9.2121
21.275,9.4195
21.285,9.0813
21.295,9.9479
21.305,9.3524
21.315,9.5838
21.324,9.7112
21.334,9.5648
21.344,9.8853
21.354,10.107
21.364,10.205
21.374,10.411
21.384,10.626
21.394,10.149
21.404,10.467
21.414,10.53
21.424,10.045
21.434,10.241
21.444,9.9314
21.454,9.4455
21.464,10.003
21.474,9.1319
21.484,9.6979
21.494,9.3933
21.504,9.4457
21.514,10.659
21.524,9.9461
21.534,11.387
21.544,10.114
21.554,11.684
21.564,10.32
21.574,11.811
21.584,10.038
21.594,10.517
21.604,10.155
21.614,9.797
21.624,9.8615
21.634,9.4512
21.644,8.8613
21.654,8.8923
21.664,8.3733
21.674,8.3685
21.684,8.2711
21.694,8.0232
21.704,8.5203
21.714,8.3407
21.724,8.8878
21.734,9.2671
21.744,9.0702
21.754,10.095
21.764,9.4775
21.774,10.661
21.784,9.7781
21.794,10.977
21.804,10.11
21.813,11.223
21.823,10.505
21.833,10.462
21.843,10.867
21.853,10.078
21.863,9.7637
21.873,9.8254
21.883,9.1415
21.893,9.4141
21.903,9.0062
21.913,9.585
21.923,9.203
21.933,10.403
21.943,9.5295
21.953,10.964
21.963,9.7569
21.973,11.092
21.983,10.168
21.993,10.929
22.003,10.054
22.013,10.942
22.023,10.003
22.033,10.551
22.043,9.6353
22.053,10.461
22.063,9.6585
22.073,10.52
22.083,9.5998
22.093,10.171
22.103,9.2334
22.113,9.7784
22.123,9.4424
22.133,9.8648
22.143,8.5477
22.153,8.8006
22.163,7.8233
22.173,8.3085
22.183,8.6568
22.193,8.6245
22.203,8.6599
22.213,9.0578
22.223,9.1482
22.233,10.093
22.243,9.7753
22.253,10.497
22.263,10.593
22.273,10.769
22.283,11.679
22.293,10.824
22.302,11.504
22.312,10.383
22.322,11.468
22.332,10.268
22.342,11.187
22.352,9.9679
22.362,10.718
22.372,10.016
22.382,10.34
22.392,10.03
22.402,10.017
22.412,9.7907
22.422,10.506
22.432,8.6168
22.442,10.344
22.452,8.846
22.462,9.4807
22.472,9.7444
22.482,9.1267
22.492,8.9981
22.502,9.4403
22.512,8.6375
22.522,9.412
22.532,9.1246
22.542,9.1418
22.552,9.2811
22.562,9.4247
22.572,9.0572
22.582,9.6691
22.592,8.9183
22.602,9.8245
22.612,9.1916
22.622,9.7328
22.632,9.1484
22.642,9.2508
22.652,9.4051
22.662,9.7175
22.672,9.494
22.682,10.312
22.692,9.6691
22.702,10.877
22.712,9.8091
22.722,11.157
22.732,10.437
22.742,11.396
22.752,10.816
22.762,11.564
22.772,10.802
22.782,11.061
22.792,10.558
22.802,10.495
22.811,10.547
22.821,9.5843
22.831,10.186
22.841,9.247
22.851,9.7344
22.861,9.5082
22.871,8.7307
22.881,9.5364
22.891,8.5571
22.901,9.4257
22.911,8.8682
22.921,9.4097
22.931,8.9481
22.941,9.4551
22.951,9.3811
22.961,9.551
22.971,9.0854
22.981,10.159
22.991,8.3748
23.001,11.282
23.011,8.5357
23.021,10.864
23.031,9.5262
23.041,10.058
23.051,10.463
23.061,10.152
23.071,10.136
23.081,10.276
23.091,9.9173
23.101,9.9588
23.111,10.35
23.121,10.208
23.131,10.743
23.141,10.454
23.151,10.557
23.161,11.326
23.171,9.9976
23.181,11.468
23.191,9.5566
23.201,10.877
23.211,10.201
23.221,9.6407
23.231,10.322
23.241,8.8538
23.251,10.3
23.261,8.5555
23.271,9.789
23.281,8.352
23.291,9.3609
23.301,8.6291
23.31,8.8427
23.32,9.1195
23.33,8.8405
23.34,9.4299
23.35,8.6098
23.36,9.5283
23.37,8.3152
23.38,9.672
23.39,8.5489
23.4,9.9726
23.41,8.792
23.42,10.734
23.43,8.6281
23.44,11.171
23.45,9.1211
23.46,10.723
23.47,10.058
23.48,10.424
23.49,10.482
23.5,10.652
23.51,10.386
23.52,11.262
23.53,9.7977
23.54,11.59
23.55,9.2255
23.56,11.311
23.57,9.1806
23.58,11.295
23.59,8.9708
23.6,11.054
23.61,9.2106
23.62,10.399
23.63,9.6371
23.64,10.219
23.65,9.6772
23.66,9.8953
23.67,9.4244
23.68,9.867
23.69,9.0334
23.7,9.9471
23.71,9.1012
23.72,9.6486
23.73,9.6871
23.74,9.3118
23.75,9.601
23.76,9.372
23.77,9.2761
23.78,9.9473
23.79,8.7888
23.8,10.289
23.809,9.003
23.819,9.6831
23.829,9.4329
23.839,9.1024
23.849,9.4322
23.859,9.5599
23.869,9.3834
23.879,10.229
23.889,9.7343
23.899,10.396
23.909,10.244
23.919,10.704
23.929,10.705
23.939,10.602
23.949,10.915
23.959,10.403
23.969,10.796
23.979,10.686
23.989,10.057
23.999,10.692
24.009,10.171
24.019,10.167
24.029,10.422
24.039,9.9206
24.049,10.014
24.059,10.037
24.069,8.9906
24.079,10.446
24.089,8.7923
24.099,9.8328
24.109,8.8667
24.119,9.0316
24.129,9.2605
24.139,8.4218
24.149,9.4275
24.159,8.3398
24.169,8.9132
24.179,9.1024
24.189,8.3793
24.199,9.5913
24.209,8.349
24.219,9.8476
24.229,9.0984
24.239,9.732
24.249,9.8654
24.259,10.079
24.268,10.249
24.278,10.137
24.288,10.59
24.298,10.521
24.308,10.301
24.318,10.754
24.328,10.057
24.338,10.948
24.348,10.006
24.358,10.835
24.368,10.281
24.378,10.488
24.388,10.576
24.398,10.596
24.408,10.572
24.418,10.577
24.428,10.231
24.438,10.449
24.448,9.2294
24.458,10.298
24.468,8.859
24.478,9.8366
24.488,9.1186
24.498,9.4527
24.508,8.9964
24.518,9.2136
24.528,9.1231
24.538,9.0601
24.548,9.3901
24.558,8.9866
24.568,9.6787
24.578,9.3841
24.588,9.1577
24.598,10.208
24.608,8.5688
24.618,10.083
24.628,9.2698
24.638,9.5971
24.648,9.8598
24.658,9.7558
24.668,10.09
24.678,10.364
24.688,10.593
24.698,10.762
24.708,10.64
24.718,10.962
24.728,11.005
24.738,10.269
24.747,11.107
24.757,9.9245
24.767,11.062
24.777,10.085
24.787,10.338
24.797,10.219
24.807,9.7618
24.817,9.9597
24.827,9.6244
24.837,9.2056
24.847,9.4964
24.857,8.8599
24.867,9.6624
24.877,8.9906
24.887,9.5629
24.897,9.0093
24.907,9.5765
24.917,9.3452
24.927,9.2973
24.937,9.8136
24.947,8.8921
24.957,9.8637
24.967,8.9915
24.977,9.2407
24.987,9.5242
24.997,8.1962
25.007,10.152
25.017,8.5817
25.027,9.5557
25.037,9.6105
25.047,8.9523
25.057,9.829
25.067,9.1545
25.077,10.218
25.087,9.5415
25.097,10.551
25.107,10.045
25.117,10.751
25.127,10.62
25.137,10.784
25.147,10.801
25.157,10.511
25.167,10.796
25.177,10.383
25.187,11.04
25.197,10.093
25.207,11.032
25.216,10.119
25.226,10.312
25.236,10.024
25.246,10.201
25.256,9.121
25.266,9.9381
25.276,9.1834
25.286,9.2639
25.296,9.7337
25.306,8.9722
25.316,9.7729
25.326,9.0614
25.336,9.4892
25.346,9.4219
25.356,9.2371
25.366,9.7988
25.376,8.7218
25.386,10.173
25.396,8.6231
25.406,10.376
25.416,8.9211
25.426,10.142
25.436,9.3994
25.446,9.4717
25.456,11.099
25.466,8.9457
25.476,11.25
25.486,9.4299
25.496,10.732
25.506,9.8581
25.516,11.05
25.526,10.02
25.536,10.582
25.546,10.552
25.556,10.198
25.566,10.464
25.576,9.9449
25.586,9.9606
25.596,10.096
25.606,10.284
25.616,9.8319
25.626,10.448
25.636,9.8106
25.646,10.132
25.656,9.8383
25.666,9.6558
25.676,9.8872
25.686,9.4543
25.696,9.6182
25.706,9.547
25.715,9.3674
25.725,9.3186
25.735,9.678
25.745,9.3505
25.755,9.6033
25.765,9.4633
25.775,9.4015
25.785,9.3458
25.795,9.2669
25.805,9.315
25.815,9.7114
25.825,9.4175
25.835,9.5796
25.845,9.7367
25.855,9.1966
25.865,10.055
25.875,9.426
25.885,9.9312
25.895,9.6901
25.905,10.218
25.915,10.145
25.925,10.133
25.935,10.531
25.945,9.5025
25.955,10.953
25.965,9.5248
25.975,10.588
25.985,9.8106
25.995,10.553
26.005,10.328
26.015,10.548
26.025,10.346
26.035,10.263
26.045,10.255
26.055,10.466
26.065,9.8423
26.075,10.805
26.085,9.0092
26.095,10.857
26.105,9.0108
26.115,10.515
26.125,9.1657
26.135,10.29
26.145,9.0175
26.155,10.132
26.165,9.7471
26.175,8.8623
26.184,10.125
26.194,8.438
26.204,9.701
26.214,9.0728
26.224,9.0144
26.234,9.3523
26.244,8.9271
26.254,9.8507
26.264,9.6603
26.274,9.1077
26.284,10.622
26.294,9.1321
26.304,10.933
26.314,9.5141
26.324,10.627
26.334,10.006
26.344,10.427
26.354,10.635
26.364,10.094
26.374,11.503
26.384,9.7456
26.394,11.953
26.404,10.021
26.414,11.432
26.424,9.9582
26.434,11.674
26.444,8.9867
26.454,11.32
26.464,8.9144
26.474,9.8229
26.484,9.105
26.494,9.0957
26.504,9.3835
26.514,8.2303
26.524,9.3984
26.534,7.7429
26.544,9.5001
26.554,7.8169
26.564,9.2948
26.574,8.2252
26.584,9.3678
26.594,8.8092
26.604,9.7215
26.614,9.1252
26.624,9.8947
26.634,9.4413
26.644,10.116
26.654,9.938
26.664,10.169
26.674,10.359
26.683,9.788
26.693,10.365
26.703,9.8685
26.713,10.406
26.723,10.111
26.733,10.133
26.743,10.469
26.753,10.263
26.763,10.708
26.773,10.534
26.783,10.389
26.793,10.489
26.803,10.035
26.813,10.409
26.823,10.352
26.833,10.19
26.843,10.419
26.853,9.8588
26.863,10.348
26.873,9.6617
26.883,10.084
26.893,9.7051
26.903,9.6759
26.913,9.2195
26.923,9.6569
26.933,9.3391
26.943,9.4939
26.953,9.3783
26.963,9.1551
26.973,9.3775
26.983,9.1605
26.993,8.8499
27.003,9.5471
27.013,8.6159
27.023,9.7542
27.033,8.9852
27.043,9.8136
27.053,9.2237
27.063,10.179
27.073,9.6621
27.083,10.266
27.093,10.038
27.103,10.498
27.113,10.085
27.123,10.495
27.133,10.105
27.143,10.508
27.153,10.021
27.163,10.436
27.173,9.9785
27.182,10.303
27.192,10.112
27.202,10.462
27.212,10.351
27.222,10.395
27.232,10.157
27.242,10.241
27.252,9.8564
27.262,10.107
27.272,9.8637
27.282,9.8637
27.292,9.5494
27.302,9.5618
27.312,9.5597
27.322,9.3371
27.332,9.3359
27.342,9.4229
27.352,9.153
27.362,9.4726
27.372,8.981
27.382,9.5386
27.392,9.1898
27.402,9.5111
27.412,9.9452
27.422,9.4016
27.432,10.094
27.442,9.8093
27.452,9.6807
27.462,9.7652
27.472,9.9387
27.482,9.0433
27.492,10.237
27.502,9.5584
27.512,10.122
27.522,9.876
27.532,9.9004
27.542,9.6373
27.552,10.208
27.562,9.6016
27.572,10.321
27.582,9.997
27.592,10.377
27.602,10.432
27.612,10.351
27.622,10.504
27.632,10.077
27.642,10.235
27.652,9.8058
27.661,9.8414
27.671,9.648
27.681,9.6184
27.691,9.6879
27.701,9.7379
27.711,9.7926
27.721,9.7229
27.731,9.5106
27.741,9.5681
27.751,9.3873
27.761,9.6027
27.771,9.4802
27.781,9.7367
27.791,9.6506
27.801,9.7284
27.811,9.6551
27.821,9.6871
27.831,9.7575
27.841,9.8325
27.851,9.9588
27.861,10.061
27.871,10.185
27.881,10.135
27.891,10.402
27.901,10.155
27.911,10.507
27.921,10.302
27.931,10.384
27.941,9.9777
27.951,10.363
27.961,9.2466
27.971,11.221
27.981,8.5796
27.991,11.342
28.001,8.3127
28.011,10.589
28.021,9.3196
28.031,10.188
28.041,10.766
28.051,9.2005
28.061,10.979
28.071,9.3606
28.081,10.593
28.091,9.7221
28.101,10.101
28.111,9.5995
28.121,9.9549
28.131,9.9546
28.14,9.2389
28.15,10.447
28.16,9.0452
28.17,10.479
28.18,9.0729
28.19,9.5949
28.2,9.6781
28.21,8.9696
28.22,9.932
28.23,8.8649
28.24,10.33
28.25,8.5888
28.26,10.722
28.27,8.8027
28.28,10.337
28.29,9.5492
28.3,10.117
28.31,9.8842
28.32,10.011
28.33,9.7748
28.34,9.7937
28.35,9.8314
28.36,9.9886
28.37,9.9363
28.38,10.276
28.39,9.8582
28.4,10.213
28.41,9.7904
28.42,9.9377
28.43,9.7849
28.44,9.9564
28.45,9.9356
28.46,9.8305
28.47,9.8173
28.48,9.5645
28.49,9.5483
28.5,9.5422
28.51,9.6091
28.52,9.7211
28.53,9.7233
28.54,9.7182
28.55,9.5283
28.56,9.5518
28.57,9.5103
28.58,9.7657
28.59,9.9033
28.6,10.07
28.61,9.9787
28.62,9.8586
28.629,9.7495
28.639,9.7986
28.649,10.003
28.659,10.095
28.669,10.157
28.679,10.045
28.689,9.9588
28.699,9.8676
28.709,9.901
28.719,9.9115
28.729,9.9443
28.739,9.9098
28.749,9.8685
28.759,9.8365
28.769,9.8067
28.779,9.7488
28.789,9.7298
28.799,9.7705
28.809,9.8112
28.819,9.8929
28.829,9.9676
28.839,9.9398
28.849,9.8896
28.859,9.8205
28.869,9.8275
28.879,9.9157
28.889,9.9893
28.899,9.9811
28.909,9.911
28.919,9.8057
28.929,9.7693
28.939,9.7828
28.949,9.8637
28.959,9.8824
28.969,9.8778
28.979,9.8666
28.989,9.817
28.999,9.8392
29.009,9.8109
29.019,9.8503
29.029,9.8772
29.039,9.9116
29.049,9.9389
29.059,9.9176
29.069,9.9037
29.079,9.8536
29.089,9.8681
29.099,9.844
29.108,9.8727
29.118,9.9106
29.128,9.8793
29.138,9.8956
29.148,9.8476
29.158,9.8447
29.168,9.8302
29.178,9.8612
29.188,9.8896
29.198,9.8795
29.208,9.8769
29.218,9.8724
29.228,9.8357
29.238,9.8618
29.248,9.8995
29.258,9.8944
29.268,9.8989
29.278,9.8889
29.288,9.8429
29.298,9.8332
29.308,9.8284
29.318,9.8546
29.328,9.8543
29.338,9.8664
29.348,9.845
29.358,9.8337
29.368,9.8458
29.378,9.8564
29.388,9.8354
29.398,9.8604
29.408,9.8464
29.418,9.8419
29.428,9.8395
29.438,9.828
29.448,9.7937
29.458,9.8009
29.468,9.7548
29.478,9.7108
29.488,9.7028
29.498,9.6825
29.508,9.6938
29.518,9.612
29.528,9.6135
29.538,9.5936
29.548,9.5187
29.558,9.6048
29.567,9.4937
29.577,9.7292
29.587,9.5094
29.597,9.7584
29.607,9.5597
29.617,9.6796
29.627,9.625
29.637,9.7081
29.647,9.8232
29.657,9.8251
29.667,10.046
29.677,9.8497
29.687,10.19
29.697,9.9753
29.707,10.179
29.717,10.054
29.727,10.154
29.737,10.152
29.747,10.126
29.757,10.132
29.767,10.172
29.777,10.002
29.787,10.051
29.797,9.9889
29.807,9.9878
29.817,10.061
29.827,9.9133
29.837,9.9688
29.847,9.6406
29.857,9.8955
29.867,9.4939
29.877,10.038
29.887,9.5248
29.897,10.156
29.907,9.4274
29.917,10.013
29.927,9.4784
29.937,9.7678
29.947,9.7076
29.957,9.6206
29.967,10.083
29.977,9.6263
29.987,10.242
29.997,9.8557
30.007,9.8515
30.017,9.8268
30.027,9.7775
30.037,9.6971
30.047,10.082
30.056,9.6724
30.066,10.158
30.076,9.7176
30.086,10.152
30.096,9.7973
30.106,9.9682
30.116,9.7564
30.126,9.8223
30.136,9.9911
30.146,9.9341
30.156,10.108
30.166,9.8889
30.176,10.051
30.186,9.9049
30.196,10.06
30.206,9.738
30.216,9.7102
30.226,9.4493
30.236,9.7769
30.246,9.8106
30.256,10.054
30.266,10.329
30.276,10.116
30.286,10.324
30.296,9.8986
30.306,9.9805
30.316,9.7844
30.326,9.7811
30.336,9.9522
30.346,9.7762
30.356,10.062
30.366,9.8289
30.376,10.003
30.386,9.7289
30.396,9.942
30.406,9.7723
30.416,9.8344
30.426,9.7747
30.436,9.8589
30.446,9.8639
30.456,9.9182
30.466,9.6437
30.476,9.7358
30.486,9.6175
30.496,9.7904
30.506,9.8205
30.516,9.9152
30.526,9.907
30.536,9.9567
30.546,9.9148
30.555,9.9345
30.565,9.8808
30.575,9.9492
30.585,9.764
30.595,10.173
30.605,9.6509
30.615,10.291
30.625,9.5198
30.635,10.116
30.645,9.529
30.655,9.9842
30.665,9.9227
30.675,10.069
30.685,9.9567
30.695,9.9492
30.705,9.8265
30.715,9.8115
30.725,9.9036
30.735,9.7612
30.745,10.041
30.755,9.5603
30.765,9.9793
30.775,9.4946
30.785,9.8392
30.795,9.7054
30.805,9.5611
30.815,9.8093
30.825,9.3844
30.835,9.879
30.845,9.678
30.855,9.5566
30.865,9.9453
30.875,9.4266
30.885,9.8552
30.895,9.6244
30.905,9.7027
30.915,9.9768
30.925,9.5695
30.935,10.114
30.945,9.5689
30.955,10.074
30.965,9.7796
30.975,9.725
30.985,9.775
30.995,9.8669
31.004,9.9516
31.014,10.097
31.024,10.381
31.034,9.8284
31.044,10.637
31.054,9.9456
31.064,10.93
31.074,10.078
31.084,10.752
31.094,10.339
31.104,10.219
31.114,10.626
31.124,9.9251
31.134,10.323
31.144,9.9027
31.154,9.9128
31.164,9.7515
31.174,9.6873
31.184,9.6106
31.194,9.7215
31.204,9.5364
31.214,9.6136
31.224,9.9092
31.234,9.2053
31.244,10.046
31.254,9.0509
31.264,9.9136
31.274,9.4361
31.284,9.6554
31.294,9.8494
31.304,9.4105
31.314,10.091
31.324,9.456
31.334,10.161
31.344,9.7742
31.354,9.9793
31.364,10.107
31.374,9.6156
31.384,10.27
31.394,9.5102
31.404,10.157
31.414,9.7154
31.424,9.9567
31.434,10.152
31.444,9.7603
31.454,10.383
31.464,9.741
31.474,10.104
31.484,10.064
31.494,9.8034
31.503,10.246
31.513,9.609
31.523,10.102
31.533,9.3903
31.543,9.9435
31.553,9.3584
31.563,9.7672
31.573,9.4994
31.583,9.656
31.593,9.6558
31.603,9.6368
31.613,9.9125
31.623,9.384
31.633,9.7488
31.643,9.5936
31.653,9.4361
31.663,9.7669
31.673,9.3728
31.683,9.9393
31.693,9.507
31.703,9.9542
31.713,9.585
31.723,10.092
31.733,9.593
31.743,10.126
31.753,9.7846
31.763,10.104
31.773,9.6573
31.783,10.131
31.793,9.7649
31.803,10.252
31.813,9.8429
31.823,10.491
31.833,9.8018
31.843,10.424
31.853,9.6548
31.863,10.756
31.873,9.6784
31.883,10.739
31.893,9.8887
31.903,10.667
31.913,10.065
31.923,10.55
31.933,10.088
31.943,10.223
31.953,10.055
31.963,10.112
31.973,10.134
31.982,9.8317
31.992,10.217
32.002,9.3783
32.012,10.163
32.022,9.1644
32.032,10.195
32.042,9.1592
32.052,9.819
32.062,9.4114
32.072,9.51
32.082,9.7516
32.092,9.4154
32.102,9.8976
32.112,9.3936
32.122,9.8871
32.132,9.5235
32.142,9.7621
32.152,9.6742
32.162,9.8269
32.172,9.9483
32.182,10.049
32.192,10.211
32.202,10.131
32.212,10.255
32.222,10.128
32.232,10.205
32.242,10.101
32.252,10.095
32.262,10.008
32.272,9.919
32.282,9.8329
32.292,9.7181
32.302,9.7242
32.312,9.6415
32.322,9.6352
32.332,9.7501
32.342,9.3659
32.352,10.228
32.362,9.4543
32.372,10.64
32.382,9.5343
32.392,10.358
32.402,9.516
32.412,9.8771
32.422,9.6123
32.432,9.6786
32.442,9.7022
32.451,9.6162
32.461,9.704
32.471,9.5156
32.481,9.8175
32.491,9.5721
32.501,9.7155
32.511,9.7682
32.521,9.503
32.531,10.049
32.541,9.4834
32.551,10.118
32.561,9.4647
32.571,10.012
32.581,9.57
32.591,10.021
32.601,9.8091
32.611,9.8711
32.621,9.8661
32.631,9.6611
32.641,10.164
32.651,9.6419
32.661,10.372
32.671,9.6587
32.681,10.208
32.691,9.7738
32.701,9.8489
32.711,9.9539
32.721,9.8169
32.731,9.97
32.741,9.8372
32.751,10.189
32.761,9.9482
32.771,10.392
32.781,9.9965
32.791,10.094
32.801,10.053
32.811,9.9155
32.821,9.7561
32.831,9.8302
32.841,9.5302
32.851,9.8887
32.861,9.3217
32.871,10.147
32.881,9.5262
32.891,10.083
32.901,9.8431
32.911,9.8384
32.921,9.9342
32.931,9.7301
32.94,10.004
32.95,9.8543
32.96,10.039
32.97,10.159
32.98,10.032
32.99,10.276
33,9.8899
33.01,10.107
33.02,9.782
33.03,9.9491
33.04,9.8326
33.05,9.8259
33.06,10.216
33.07,9.6087
33.08,10.238
33.09,9.6644
33.1,9.9269
33.11,9.8793
33.12,9.5566
33.13,9.8932
33.14,9.5781
33.15,9.8775
33.16,9.7703
33.17,9.7925
33.18,9.8158
33.19,9.7738
33.2,9.6179
33.21,9.8209
33.22,9.587
33.23,9.8536
33.24,9.4632
33.25,10.021
33.26,9.5064
33.27,9.9462
33.28,9.5727
33.29,9.9089
33.3,9.806
33.31,9.7479
33.32,9.9471
33.33,9.9429
33.34,9.9311
33.35,10.156
33.36,9.9754
33.37,10.24
33.38,9.8408
33.39,10.39
33.4,9.7693
33.41,10.167
33.419,10.033
33.429,10.016
33.439,10.371
33.449,9.8955
33.459,10.305
33.469,9.7618
33.479,10.202
33.489,9.7039
33.499,9.8345
33.509,9.9745
33.519,9.4973
33.529,10.418
33.539,9.2925
33.549,10.565
33.559,8.9801
33.569,10.547
33.579,8.9027
33.589,10.02
33.599,9.4596
33.609,9.7699
33.619,10.007
33.629,9.5412
33.639,9.9955
33.649,9.4719
33.659,9.6888
33.669,9.484
33.679,9.5259
33.689,9.7091
33.699,9.8167
33.709,9.9191
33.719,9.9836
33.729,9.9119
33.739,9.8006
33.749,9.9299
33.759,9.7991
33.769,10.079
33.779,9.9985
33.789,9.9762
33.799,10.204
33.809,9.8494
33.819,10.181
33.829,9.7825
33.839,10.268
33.849,9.5763
33.859,10.365
33.869,9.8808
33.879,10.183
33.889,10.085
33.898,9.9724
33.908,10.278
33.918,9.641
33.928,10.427
33.938,9.5271
33.948,10.246
33.958,9.9374
33.968,9.8423
33.978,9.9937
33.988,9.5847
33.998,9.7738
34.008,9.6391
34.018,9.553
34.028,9.8467
34.038,9.3729
34.048,10.009
34.058,9.4467
34.068,9.8664
34.078,9.5373
34.088,9.7878
34.098,9.6257
34.108,9.7063
34.118,9.6168
34.128,10.079
34.138,9.7991
34.148,10.149
34.158,10.027
34.168,10.046
34.178,10.148
34.188,9.8922
34.198,9.9796
34.208,10.197
34.218,9.8404
34.228,10.271
34.238,9.9705
34.248,10.061
34.258,9.8826
34.268,9.8678
34.278,9.7269
34.288,9.9173
34.298,9.5724
34.308,9.7524
34.318,9.7938
34.328,9.5695
34.338,9.8709
34.348,9.4461
34.358,10.015
34.368,9.516
34.378,10.08
34.387,9.662
34.397,9.7593
34.407,9.9477
34.417,9.3843
34.427,9.9892
34.437,9.2816
34.447,10.107
34.457,9.5307
34.467,10.126
34.477,9.8482
34.487,9.9185
34.497,9.9309
34.507,9.6471
34.517,10.163
34.527,9.5491
34.537,10.404
34.547,9.5656
34.557,10.726
34.567,9.5733
34.577,10.564
34.587,9.4585
34.597,10.194
34.607,9.4895
34.617,9.738
34.627,9.7173
34.637,9.7105
34.647,9.8597
34.657,9.6624
34.667,9.8416
34.677,9.4284
34.687,9.5283
34.697,9.2671
34.707,9.4819
34.717,9.6176
34.727,9.5332
34.737,10.27
34.747,9.7407
34.757,10.353
34.767,9.9574
34.777,10.198
34.787,10.133
34.797,9.7778
34.807,10.379
34.817,9.7028
34.827,10.315
34.837,9.9133
34.847,10.211
34.857,10.099
34.867,9.991
34.877,10.066
34.887,9.9542
34.897,9.7639
34.906,9.8633
34.916,9.2225
34.926,10.075
34.936,9.0696
34.946,10.382
34.956,9.3421
34.966,10.055
34.976,9.6491
34.986,9.5123
34.996,10.075
35.006,9.2066
35.016,10.507
35.026,9.2656
35.036,10.603
35.046,9.5557
35.056,10.708
35.066,9.5486
35.076,10.574
35.086,9.7265
35.096,10.06
35.106,9.9176
35.116,9.794
35.126,9.9507
35.136,10.101
35.146,9.7573
35.156,10.329
35.166,9.691
35.176,10.072
35.186,9.6483
35.196,9.8539
35.206,9.759
35.216,9.7444
35.226,10.095
35.236,9.5922
35.246,10.26
35.256,9.2867
35.266,10.207
35.276,9.4775
35.286,10.151
35.296,9.6673
35.306,10.176
35.316,9.6891
35.326,10.294
35.336,9.4669
35.346,10.2
35.356,9.4337
35.366,10.096
35.376,9.6102
35.386,9.8774
35.396,10.062
35.406,9.4627
35.415,10.342
35.425,9.3421
35.435,10.192
35.445,9.5708
35.455,9.7103
35.465,9.9076
35.475,9.6715
35.485,10.133
35.495,9.6365
35.505,10.181
35.515,9.6218
35.525,10.207
35.535,9.8983
35.545,10.036
35.555,10.006
35.565,10.035
35.575,10.204
35.585,9.8673
35.595,10.46
35.605,9.5754
35.615,10.599
35.625,9.3373
35.635,10.646
35.645,9.2445
35.655,10.525
35.665,9.3843
35.675,10.311
35.685,9.7009
35.695,9.8938
35.705,9.748
35.715,9.6865
35.725,9.7295
35.735,9.9865
35.745,9.8353
35.755,10.278
35.765,9.8242
35.775,10.194
35.785,9.828
35.795,9.7519
35.805,9.8094
35.815,9.7241
35.825,9.7429
35.835,9.6624
35.845,9.7298
35.854,9.6497
35.864,9.6883
35.874,9.425
35.884,9.6962
35.894,9.5102
35.904,9.6359
35.914,9.9607
35.924,9.538
35.934,10.085
35.944,9.4816
35.954,10.008
35.964,9.6849
35.974,10.306
35.984,9.941
35.994,10.515
36.004,10.228
36.014,10.442
36.024,10.427
36.034,10.097
36.044,10.371
36.054,9.8753
36.064,10.207
36.074,9.9808
36.084,10.052
36.094,9.8833
36.104,9.9643
36.114,9.7266
36.124,10.029
36.134,9.4877
36.144,10.019
36.154,9.4719
36.164,9.8399
36.174,9.5413
36.184,9.4894
36.194,9.6994
36.204,9.3635
36.214,9.7783
36.224,9.5145
36.234,9.9904
36.244,9.9181
36.254,9.8299
36.264,10.335
36.274,9.4849
36.284,9.9547
36.294,9.4195
36.304,9.7028
36.314,9.6955
36.323,9.8991
36.333,9.8242
36.343,10.079
36.353,9.7494
36.363,9.9818
36.373,9.9158
36.383,9.6558
36.393,10.069
36.403,9.6085
36.413,10.23
36.423,9.6653
36.433,10.483
36.443,9.8557
36.453,10.521
36.463,10.193
36.473,10.196
36.483,10.352
36.493,9.8889
36.503,10.2
36.513,9.6266
36.523,9.8582
36.533,9.7407
36.543,9.4858
36.553,9.9748
36.563,9.4654
36.573,10.144
36.583,9.5227
36.593,9.9949
36.603,9.8152
36.613,9.64
36.623,10.217
36.633,9.2675
36.643,10.015
36.653,9.3617
36.663,9.7807
36.673,9.8527
36.683,9.6462
36.693,10.088
36.703,9.7652
36.713,9.9498
36.723,9.8145
36.733,9.5177
36.743,9.9732
36.753,9.3484
36.763,10.126
36.773,9.8271
36.783,10.272
36.792,10.24
36.802,10.075
36.812,10.515
36.822,9.7194
36.832,10.357
36.842,9.7524
36.852,9.8669
36.862,10.011
36.872,9.5894
36.882,10.016
36.892,9.6036
36.902,9.7105
36.912,9.7534
36.922,9.3283
36.932,9.8675
36.942,9.3376
36.952,9.8405
36.962,9.5629
36.972,9.7904
36.982,9.5555
36.992,9.8652
37.002,9.7245
37.012,10.016
37.022,9.672
37.032,10.235
37.042,9.5653
37.052,10.282
37.062,9.4933
37.072,10.342
37.082,9.3683
37.092,10.169
37.102,9.5762
37.112,10.004
37.122,9.4392
37.132,10.07
37.142,9.379
37.152,10.219
37.162,9.5543
37.172,10.197
37.182,10.073
37.192,9.8515
37.202,10.225
37.212,9.3087
37.222,10.212
37.232,9.4105
37.242,10.158
37.252,9.6964
37.261,10.048
37.271,9.7799
37.281,9.9467
37.291,9.6947
37.301,9.8895
37.311,9.6663
37.321,9.6781
37.331,9.8594
37.341,9.5584
37.351,10.173
37.361,9.0749
37.371,10.242
37.381,8.9834
37.391,10.125
37.401,9.6525
37.411,9.9259
37.421,10.228
37.431,9.6298
37.441,10.279
37.451,9.3184
37.461,10.291
37.471,9.659
37.481,9.9751
37.491,10.095
37.501,9.9827
37.511,10.189
37.521,9.9785
37.531,10.113
37.541,9.8929
37.551,10.026
37.561,9.8328
37.571,10.086
37.581,9.9744
37.591,10.239
37.601,9.7268
37.611,10.452
37.621,9.4049
37.631,10.349
37.641,9.4509
37.651,10.054
37.661,9.595
37.671,9.9016
37.681,9.3662
37.691,10.149
37.701,9.3808
37.711,10.305
37.721,9.2156
37.731,10.187
37.74,9.0677
37.75,10.224
37.76,9.3157
37.77,10.143
37.78,9.7819
37.79,9.879
37.8,9.9377
37.81,9.7787
37.82,9.8932
37.83,9.757
37.84,9.4518
37.85,10.067
37.86,9.6099
37.87,10.317
37.88,9.947
37.89,10.419
37.9,9.9417
37.91,10.286
37.92,9.9533
37.93,10.227
37.94,9.7416
37.95,10.4
37.96,9.6039
37.97,10.213
37.98,9.479
37.99,10.001
38,9.6828
38.01,9.4166
38.02,10.119
38.03,9.1708
38.04,10.278
38.05,9.1894
38.06,10.016
38.07,9.6235
38.08,9.4696
38.09,9.9553
38.1,9.3737
38.11,10.273
38.12,9.8516
38.13,10.004
38.14,10.704
38.15,9.356
38.16,11.124
38.17,9.1246
38.18,11.127
38.19,9.2809
38.2,11.021
38.209,9.3412
38.219,10.695
38.229,9.7426
38.239,9.7305
38.249,10.122
38.259,8.9286
38.269,10.683
38.279,8.6758
38.289,10.872
38.299,9.3561
38.309,10.469
38.319,9.8525
38.329,9.9631
38.339,9.8935
38.349,9.7691
38.359,9.8226
38.369,9.8004
38.379,10.073
38.389,9.9062
38.399,10.097
38.409,9.7299
38.419,10.105
38.429,9.3729
38.439,9.8958
38.449,9.0315
38.459,9.9293
38.469,9.1548
38.479,9.7949
38.489,9.5882
38.499,9.878
38.509,10.041
38.519,9.6726
38.529,10.178
38.539,9.5648
38.549,9.9754
38.559,9.4133
38.569,9.8417
38.579,9.5927
38.589,9.9709
38.599,9.8052
38.609,10.044
38.619,9.8902
38.629,10.3
38.639,9.7908
38.649,10.437
38.659,10.001
38.669,10.515
38.679,9.8696
38.688,10.689
38.698,9.6376
38.708,10.698
38.718,9.4397
38.728,10.195
38.738,9.6453
38.748,9.6832
38.758,9.7877
38.768,9.5986
38.778,9.7579
38.788,9.5085
38.798,9.7197
38.808,9.6971
38.818,9.5618
38.828,9.7203
38.838,9.3262
38.848,9.8362
38.858,9.156
38.868,10.132
38.878,9.3193
38.888,10.235
38.898,9.7474
38.908,10.085
38.918,10.038
38.928,9.932
38.938,10.303
38.948,9.6166
38.958,10.566
38.968,9.4519
38.978,10.877
38.988,9.6455
38.998,10.744
39.008,9.917
39.018,10.165
39.028,10.507
39.038,9.5564
39.048,11.037
39.058,8.9488
39.068,11.065
39.078,9.2475
39.088,10.258
39.098,9.8552
39.108,9.5491
39.118,10.28
39.128,9.1885
39.138,10.642
39.148,9.1066
39.158,10.652
39.168,9.0349
39.177,10.229
39.187,9.3581
39.197,9.8127
39.207,9.5997
39.217,9.5049
39.227,9.6311
39.237,8.9472
39.247,9.7798
39.257,8.8441
39.267,10.184
39.277,9.3024
39.287,10.622
39.297,9.6667
39.307,10.72
39.317,9.5748
39.327,10.339
39.337,9.6528
39.347,9.8964
39.357,10.009
39.367,9.9329
39.377,10.291
39.387,9.8759
39.397,10.338
39.407,9.6676
39.417,9.8536
39.427,10.103
39.437,9.2877
39.447,10.463
39.457,9.3401
39.467,10.542
39.477,9.7886
39.487,10.031
39.497,10.231
39.507,9.8354
39.517,9.9524
39.527,9.9036
39.537,9.6374
39.547,10.205
39.557,9.3829
39.567,10.055
39.577,9.1059
39.587,9.4451
39.597,9.1169
39.607,8.9676
39.617,9.6111
39.627,9.1171
39.636,10.207
39.646,9.2774
39.656,10.53
39.666,9.6715
39.676,10.305
39.686,9.7293
39.696,10.107
39.706,9.6021
39.716,10.014
39.726,9.8462
39.736,10.106
39.746,10.513
39.756,10.21
39.766,10.591
39.776,10.309
39.786,10.001
39.796,10.208
39.806,9.6739
39.816,10.285
39.826,9.6022
39.836,10.421
39.846,9.7581
39.856,10.063
39.866,10.172
39.876,9.3722
39.886,10.382
39.896,9.183
39.906,10.547
39.916,9.4516
39.926,10.429
39.936,9.3981
39.946,9.9088
39.956,9.3891
39.966,9.2292
39.976,9.7052
39.986,9.059
39.996,9.955
40.006,9.093
40.016,10.096
40.026,9.2187
40.036,10.273
40.046,9.3847
40.056,10.48
40.066,9.468
40.076,10.533
40.086,9.6723
40.096,10.442
40.105,9.6718
40.115,10.51
40.125,9.4916
40.135,10.651
40.145,9.597
40.155,10.577
40.165,9.8414
40.175,10.23
40.185,10.008
40.195,9.9333
40.205,10.131
40.215,9.8807
40.225,10.294
40.235,9.8178
40.245,10.167
40.255,9.5841
40.265,9.8121
40.275,9.4328
40.285,9.7426
40.295,9.6928
40.305,9.6533
40.315,10.051
40.325,9.4979
40.335,10.031
40.345,9.4259
40.355,9.8929
40.365,9.2636
40.375,9.9952
40.385,9.0994
40.395,10.016
40.405,9.2238
40.415,9.8435
40.425,9.4394
40.435,9.6392
40.445,9.396
40.455,9.5278
40.465,9.6736
40.475,9.2494
40.485,10.066
40.495,9.2207
40.505,10.444
40.515,9.5088
40.525,10.771
40.535,9.5724
40.545,10.647
40.555,9.8471
40.565,10.425
40.574,10.577
40.584,9.8389
40.594,11.083
40.604,9.4263
40.614,10.718
40.624,9.5918
40.634,10.179
40.644,10.107
40.654,9.9576
40.664,10.335
40.674,9.5913
40.684,10.117
40.694,9.344
40.704,10.086
40.714,9.3207
40.724,10.311
40.734,9.2951
40.744,10.166
40.754,9.2967
40.764,9.5569
40.774,9.2993
40.784,9.726
40.794,9.2776
40.804,9.8609
40.814,9.2957
40.824,9.8348
40.834,9.4022
40.844,9.8018
40.854,9.6802
40.864,9.7968
40.874,10.256
40.884,9.3814
40.894,10.545
40.904,9.3153
40.914,10.542
40.924,9.7123
40.934,10.414
40.944,10.243
40.954,10.236
40.964,10.715
40.974,9.9384
40.984,10.896
40.994,9.6765
41.004,10.85
41.014,9.4159
41.024,10.636
41.034,9.67
41.044,10.337
41.054,9.7887
41.063,10.013
41.073,10.127
41.083,9.472
41.093,10.461
41.103,8.7207
41.113,10.618
41.123,8.5858
41.133,10.317
41.143,9.1322
41.153,9.9741
41.163,9.77
41.173,9.379
41.183,10.25
41.193,8.7581
41.203,10.404
41.213,8.5921
41.223,10.519
41.233,8.7643
41.243,10.339
41.253,9.2931
41.263,9.8205
41.273,10.079
41.283,9.4064
41.293,10.502
41.303,9.1605
41.313,10.382
41.323,9.3302
41.333,10.151
41.343,9.732
41.353,10.207
41.363,10.146
41.373,10.188
41.383,10.452
41.393,10.046
41.403,10.41
41.413,9.5153
41.423,10.612
41.433,9.6286
41.443,10.698
41.453,9.8826
41.463,10.507
41.473,9.8305
41.483,9.9753
41.493,9.8507
41.503,9.5448
41.512,10.129
41.522,9.1235
41.532,10.204
41.542,9.1785
41.552,9.8353
41.562,9.0255
41.572,9.6763
41.582,8.9481
41.592,9.5343
41.602,8.9496
41.612,9.5925
41.622,9.2614
41.632,9.8479
41.642,9.537
41.652,9.9832
41.662,9.7497
41.672,10.111
41.682,9.8744
41.692,10.068
41.702,10.128
41.712,9.7705
41.722,10.358
41.732,9.8899
41.742,10.385
41.752,10.254
41.762,9.9254
41.772,10.557
41.782,9.4647
41.792,10.589
41.802,9.5138
41.812,10.504
41.822,9.8859
41.832,9.9407
41.842,10.095
41.852,9.6093
41.862,10.392
41.872,9.532
41.882,10.757
41.892,9.3418
41.902,10.725
41.912,9.3993
41.922,10.053
41.932,10.057
41.942,9.4016
41.952,10.35
41.961,9.3299
41.971,10.302
41.981,9.3506
41.991,9.9784
42.001,9.4298
42.011,9.9211
42.021,9.5617
42.031,9.6757
42.041,9.8603
42.051,9.5226
42.061,9.8013
42.071,9.5587
42.081,9.7242
42.091,9.7786
42.101,9.9609
42.111,9.9368
42.121,9.9528
42.131,9.8483
42.141,9.825
42.151,9.5668
42.161,10.046
42.171,9.8423
42.181,10.487
42.191,9.9178
42.201,10.828
42.211,10.041
42.221,10.389
42.231,9.847
42.241,9.9269
42.251,9.7353
42.261,9.7359
42.271,9.8316
42.281,9.8498
42.291,9.8046
42.301,10.285
42.311,9.9384
42.321,10.124
42.331,10.144
42.341,9.6329
42.351,10.31
42.361,9.3632
42.371,10.316
42.381,9.288
42.391,10.083
42.401,9.6016
42.411,9.6221
42.421,10.066
42.431,9.2723
42.441,9.9877
42.45,9.3042
42.46,9.9028
42.47,9.4043
42.48,10.017
42.49,9.5983
42.5,10.029
42.51,9.691
42.52,9.5986
42.53,9.9765
42.54,9.008
42.55,10.157
42.56,8.7173
42.57,10.412
42.58,8.6728
42.59,10.586
42.6,8.9442
42.61,10.263
42.62,9.4786
42.63,9.9833
42.64,9.6111
42.65,10.277
42.66,9.594
42.67,10.39
42.68,9.8408
42.69,10.423
42.7,10.073
42.71,10.724
42.72,10.053
42.73,10.589
42.74,9.9398
42.75,9.919
42.76,10.044
42.77,9.4617
42.78,10.275
42.79,9.5867
42.8,10.241
42.81,9.879
42.82,9.9034
42.83,10.047
42.84,9.7373
42.85,9.7765
42.86,9.9164
42.87,9.1318
42.88,10.084
42.89,9.0659
42.899,10.081
42.909,9.215
42.919,10.046
42.929,9.4407
42.939,9.8777
42.949,9.4187
42.959,9.9401
42.969,9.0948
42.979,10.121
42.989,8.9231
42.999,10.391
43.009,9.2494
43.019,10.251
43.029,9.6801
43.039,10.084
43.049,10.261
43.059,9.8145
43.069,10.705
43.079,9.3368
43.089,10.96
43.099,9.3376
43.109,11.001
43.119,9.6423
43.129,10.845
43.139,9.8702
43.149,10.404
43.159,9.8771
43.169,10.438
43.179,9.822
43.189,10.705
43.199,9.7298
43.209,10.597
43.219,9.6582
43.229,10.193
43.239,9.4874
43.249,9.8598
43.259,9.4446
43.269,9.7983
43.279,9.5585
43.289,9.5406
43.299,9.6751
43.309,9.3696
43.319,9.7525
43.329,9.0463
43.339,9.9323
43.349,8.9982
43.359,9.8868
43.369,8.9188
43.378,9.8347
43.388,8.853
43.398,9.9181
43.408,8.8471
43.418,10.457
43.428,8.8938
43.438,11.085
43.448,8.9473
43.458,10.946
43.468,9.3656
43.478,10.341
43.488,9.8345
43.498,10.148
43.508,10.525
43.518,10.023
43.528,10.995
43.538,9.7395
43.548,10.98
43.558,9.4828
43.568,10.972
43.578,9.3332
43.588,11.17
43.598,8.9773
43.608,11.257
43.618,8.9644
43.628,10.849
43.638,9.0849
43.648,10.401
43.658,9.466
43.668,9.6536
43.678,9.7227
43.688,8.8128
43.698,9.6977
43.708,8.4903
43.718,9.5075
43.728,8.7222
43.738,9.3921
43.748,9.2602
43.758,9.7025
43.768,9.7051
43.778,10.059
43.788,9.6612
43.798,10.275
43.808,9.7554
43.818,10.184
43.828,10.201
43.838,9.9896
43.847,10.357
43.857,9.6669
43.867,10.721
43.877,9.6576
43.887,10.762
43.897,9.906
43.907,10.784
43.917,10.05
43.927,10.748
43.937,10.12
43.947,10.228
43.957,10.418
43.967,9.8696
43.977,10.763
43.987,9.8661
43.997,10.552
44.007,9.6938
44.017,10.225
44.027,9.2457
44.037,10.204
44.047,9.0556
44.057,9.916
44.067,9.4554
44.077,9.4554
44.087,9.7193
44.097,8.9511
44.107,9.9188
44.117,8.3007
44.127,10.083
44.137,7.9534
44.147,10.675
44.157,8.0353
44.167,10.918
44.177,8.4713
44.187,10.887
44.197,8.9518
44.207,10.321
44.217,9.4123
44.227,10.042
44.237,10.125
44.247,9.7069
44.257,11.009
44.267,9.5373
44.277,11.385
44.287,9.6124
44.297,11.09
44.307,9.8471
44.317,10.423
44.326,9.6633
44.336,10.358
44.346,9.435
44.356,10.37
44.366,9.4379
44.376,10.205
44.386,9.979
44.396,9.826
44.406,10.155
44.416,9.437
44.426,10.348
44.436,9.0155
44.446,10.398
44.456,9.2446
44.466,10.314
44.476,9.213
44.486,10.111
44.496,9.3163
44.506,9.8768
44.516,9.7037
44.526,9.9462
44.536,9.8193
44.546,9.9708
44.556,9.5269
44.566,10.267
44.576,9.2053
44.586,10.619
44.596,9.0892
44.606,10.587
44.616,9.3876
44.626,10.216
44.636,9.8163
44.646,10.082
44.656,9.8554
44.666,9.9956
44.676,9.5861
44.686,9.8483
44.696,9.318
44.706,9.7627
44.716,9.4064
44.726,10.097
44.736,9.861
44.746,10.124
44.756,10.071
44.766,9.8857
44.776,9.8859
44.786,10.092
44.795,10.134
44.805,10.499
44.815,10.433
44.825,10.157
44.835,10.7
44.845,9.5581
44.855,10.53
44.865,9.6109
44.875,9.9098
44.885,9.6593
44.895,9.6638
44.905,9.5343
44.915,9.5183
44.925,9.6521
44.935,9.6567
44.945,9.82
44.955,9.522
44.965,10.048
44.975,9.2419
44.985,9.9745
44.995,8.9451
45.005,9.9658
45.015,9.5406
45.025,9.7269
45.035,10.449
45.045,9.6699
45.055,10.748
45.065,9.4228
45.075,10.777
45.085,9.0569
45.095,10.718
45.105,9.0351
45.115,10.725
45.125,9.4421
45.135,10.431
45.145,10.017
45.155,9.9065
45.165,10.185
45.175,9.5027
45.185,10.098
45.195,9.3401
45.205,10.059
45.215,9.3234
45.225,10.06
45.235,9.4867
45.245,9.914
45.255,9.714
45.265,9.8124
45.275,10.191
45.285,9.8536
45.294,10.252
45.304,9.8739
45.314,10.298
45.324,9.8826
45.334,9.9323
45.344,9.5907
45.354,9.5609
45.364,9.4573
45.374,9.2307
45.384,9.8116
45.394,9.08
45.404,10.324
45.414,9.3689
45.424,10.319
45.434,9.6292
45.444,9.8055
45.454,9.7829
45.464,9.1246
45.474,10.206
45.484,9.2335
45.494,10.759
45.504,9.5642
45.514,10.915
45.524,9.7355
45.534,10.627
45.544,9.9416
45.554,10.422
45.564,9.9931
45.574,10.251
45.584,9.8399
45.594,10.054
45.604,9.7521
45.614,9.8166
45.624,9.7676
45.634,9.7649
45.644,9.7925
45.654,9.9034
45.664,9.9146
45.674,9.6751
45.684,9.9961
45.694,9.6034
45.704,9.8943
45.714,9.374
45.724,10.159
45.734,9.434
45.744,10.434
45.754,9.3115
45.764,10.312
45.773,9.3838
45.783,10.098
45.793,9.8961
45.803,9.8402
45.813,10.246
45.823,9.3029
45.833,10.266
45.843,8.8719
45.853,10.123
45.863,8.7544
45.873,9.9229
45.883,9.155
45.893,10.048
45.903,9.7169
45.913,10.234
45.923,10.048
45.933,9.923
45.943,10.016
45.953,9.6486
45.963,10.139
45.973,9.6479
45.983,10.322
45.993,9.7964
46.003,10.371
46.013,10.246
46.023,10.064
46.033,10.375
46.043,9.7274
46.053,10.024
46.063,9.6236
46.073,9.96
46.083,9.7364
46.093,10.105
46.103,9.7399
46.113,9.9976
46.123,9.4084
46.133,10.136
46.143,9.2484
46.153,9.9835
46.163,9.6078
46.173,9.4359
46.183,9.9838
46.193,9.2681
46.203,10.187
46.213,9.2237
46.223,10.12
46.232,9.3648
46.242,9.6626
46.252,9.9527
46.262,8.9563
46.272,10.32
46.282,9.1565
46.292,10.22
46.302,9.6272
46.312,9.8366
46.322,10.085
46.332,9.6361
46.342,10.314
46.352,9.6822
46.362,10.469
46.372,10.053
46.382,10.231
46.392,10.167
46.402,10.23
46.412,10.138
46.422,10.501
46.432,9.9411
46.442,10.828
46.452,9.7766
46.462,10.708
46.472,9.4293
46.482,10.45
46.492,9.2499
46.502,10.32
46.512,8.8535
46.522,10.123
46.532,8.7622
46.542,9.8756
46.552,9.1343
46.562,9.6828
46.572,9.4964
46.582,9.6835
46.592,9.5666
46.602,10.013
46.612,9.7676
46.622,9.8997
46.632,9.7399
46.642,9.717
46.652,9.2892
46.662,9.7238
46.672,8.9497
46.682,10.044
46.692,9.1598
46.702,10.353
46.712,9.6259
46.721,10.571
46.731,9.7103
46.741,10.357
46.751,9.6581
46.761,10.24
46.771,9.926
46.781,10.382
46.791,10.451
46.801,10.277
46.811,10.54
46.821,10.055
46.831,10.522
46.841,9.9146
46.851,10.488
46.861,9.7362
46.871,10.524
46.881,9.6702
46.891,10.3
46.901,9.7664
46.911,9.5813
46.921,9.9277
46.931,9.199
46.941,10.252
46.951,9.1086
46.961,10.424
46.971,8.9285
46.981,10.252
46.991,9.1952
47.001,9.8158
47.011,9.347
47.021,9.4237
47.031,9.4757
47.041,9.3567
47.051,9.9504
47.061,9.6501
47.071,10.313
47.081,9.7031
47.091,10.317
47.101,9.6474
47.111,10.253
47.121,9.8116
47.131,10.22
47.141,10.001
47.151,10.394
47.161,10.361
47.17,10.297
47.18,10.363
47.19,9.7269
47.2,9.9393
47.21,9.1113
47.22,9.7567
47.23,8.8116
47.24,9.9175
47.25,9.2554
47.26,10.03
47.27,9.9682
47.28,9.8663
47.29,10.264
47.3,9.6428
47.31,10.054
47.32,9.7804
47.33,10.063
47.34,10.504
47.35,10.123
47.36,10.631
47.37,10.015
47.38,10.399
47.39,10.086
47.4,10.096
47.41,10.161
47.42,10.017
47.43,9.8516
47.44,9.96
47.45,9.7066
47.46,9.8603
47.47,9.6641
47.48,9.3407
47.49,9.7624
47.5,9.0602
47.51,10.176
47.52,8.9402
47.53,10.368
47.54,8.9526
47.55,10.235
47.56,9.1108
47.57,10.088
47.58,9.4334
47.59,9.9037
47.6,9.8024
47.61,9.8821
47.619,10.071
47.629,9.9664
47.639,10.001
47.649,9.8122
47.659,9.8
47.669,9.5702
47.679,9.6813
47.689,9.6111
47.699,9.9179
47.709,9.532
47.719,10.488
47.729,9.5802
47.739,10.752
47.749,9.9033
47.759,10.427
47.769,9.9256
47.779,10.137
47.789,9.7694
47.799,9.988
47.809,9.9753
47.819,9.9682
47.829,10.261
47.839,10.2
47.849,10.153
47.859,10.312
47.869,9.8482
47.879,10.064
47.889,9.6667
47.899,10.142
47.909,9.6385
47.919,9.9411
47.929,9.6021
47.939,9.6168
47.949,9.7666
47.959,9.2083
47.969,9.9841
47.979,9.0051
47.989,10.314
47.999,8.9759
48.009,10.18
48.019,9.0562
48.029,9.9131
48.039,9.5903
48.049,9.7944
48.059,9.9994
48.068,9.4121
48.078,10.241
48.088,9.1961
48.098,10.387
48.108,9.1753
48.118,10.057
48.128,9.379
48.138,9.8301
48.148,9.7248
48.158,9.7024
48.168,10.521
48.178,9.7284
48.188,10.996
48.198,9.8015
48.208,10.609
48.218,9.9893
48.228,10.062
48.238,10.127
48.248,9.597
48.258,10.221
48.268,8.9643
48.278,10.152
48.288,9.0872
48.298,10.183
48.308,9.5606
48.318,9.7123
48.328,9.8043
48.338,9.3307
48.348,9.5332
48.358,9.65
48.368,9.3039
48.378,9.7648
48.388,9.3211
48.398,9.9161
48.408,9.2397
48.418,10.048
48.428,9.2603
48.438,10.002
48.448,9.3999
48.458,10.023
48.468,9.7804
48.478,9.8889
48.488,10.156
48.498,9.9235
48.508,10.759
48.517,9.6895
48.527,10.969
48.537,9.7254
48.547,10.63
48.557,9.5909
48.567,10.329
48.577,9.675
48.587,10.559
48.597,9.7619
48.607,10.753
48.617,10.019
48.627,10.553
48.637,10.219
48.647,9.7539
48.657,10.349
48.667,9.3042
48.677,10.842
48.687,9.2883
48.697,10.791
48.707,9.568
48.717,10.152
48.727,9.7319
48.737,9.5358
48.747,9.9202
48.757,9.3141
48.767,9.8536
48.777,9.4257
48.787,9.5949
48.797,9.5859
48.807,9.2734
48.817,9.6805
48.827,9.4256
48.837,9.5967
48.847,9.7796
48.857,9.5207
48.867,10.008
48.877,9.5392
48.887,9.7459
48.897,9.8807
48.907,9.5681
48.917,10.054
48.927,9.6145
48.937,10.033
48.946,9.7344
48.956,10.194
48.966,9.5687
48.976,10.105
48.986,9.5298
48.996,10.337
49.006,9.8004
49.016,10.633
49.026,9.7554
49.036,10.564
49.046,9.5379
49.056,10.619
49.066,9.759
49.076,10.562
49.086,10.031
49.096,10.067
49.106,10.128
49.116,9.3472
49.126,10.374
49.136,8.9318
49.146,10.507
49.156,8.6167
49.166,10.549
49.176,8.8668
49.186,10.487
49.196,9.036
49.206,9.9131
49.216,9.0473
49.226,9.5111
49.236,9.1571
49.246,9.3425
49.256,9.2606
49.266,9.7521
49.276,9.4253
49.286,10.345
49.296,9.1955
49.306,10.606
49.316,9.0086
49.326,10.448
49.336,9.2244
49.346,10.623
49.356,9.7151
49.366,10.775
49.376,10.079
49.386,10.688
49.396,10.48
49.405,10.419
49.415,10.523
49.425,10.013
49.435,10.271
49.445,9.7534
49.455,10.464
49.465,9.8334
49.475,11.009
49.485,9.7374
49.495,11.066
49.505,9.4602
49.515,10.576
49.525,9.3198
49.535,10.056
49.545,9.4109
49.555,9.6444
49.565,9.8242
49.575,9.6031
49.585,10.389
49.595,9.1993
49.605,10.565
49.615,8.7977
49.625,10.31
49.635,9.0018
49.645,9.9182
49.655,9.5257
49.665,9.6459
49.675,9.7374
49.685,9.5096
49.695,9.9332
49.705,9.2301
49.715,10.151
49.725,9.084
49.735,10.087
49.745,9.1852
49.755,10.028
49.765,9.5259
49.775,10.133
49.785,10.173
49.795,10.105
49.805,10.541
49.815,9.8904
49.825,10.463
49.835,9.864
49.845,10.104
49.855,9.8365
49.865,9.9278
49.875,9.6067
49.884,10.274
49.894,9.2585
49.904,10.773
49.914,8.9961
49.924,10.666
49.934,9.0794
49.944,10.554
49.954,9.1858
49.964,10.289
49.974,9.3377
49.984,10.28
49.994,9.6447
50.004,10.04
50.014,9.7401
50.024,9.8263
50.034,9.6349
50.044,9.7705
50.054,9.435
50.064,9.8817
50.074,9.3374
50.084,9.9763
50.094,9.5693
50.104,9.7548
50.114,9.9137
50.124,9.7346
50.134,10.023
50.144,9.7434
50.154,10.281
50.164,9.554
50.174,10.501
50.184,9.6006
50.194,10.501
50.204,9.7102
50.214,10.263
50.224,9.8799
50.234,10.103
50.244,9.9726
50.254,10.172
50.264,9.8184
50.274,10.392
50.284,9.8
50.294,10.453
50.304,9.7387
50.314,10.353
50.324,9.6416
50.333,10.365
50.343,9.487
50.353,10.311
50.363,9.7069
50.373,10.418
50.383,9.811
50.393,10.24
50.403,9.8054
50.413,10.021
50.423,9.8354
50.433,9.6346
50.443,10.072
50.453,9.2696
50.463,10.32
50.473,8.8194
50.483,10.403
50.493,8.705
50.503,10.282
50.513,8.9322
50.523,10.11
50.533,9.2626
50.543,9.8977
50.553,9.4822
50.563,9.7663
50.573,9.3835
50.583,9.635
50.593,9.2554
50.603,9.64
50.613,9.5124
50.623,9.4745
50.633,9.6479
50.643,9.3597
50.653,9.8754
50.663,9.4581
50.673,10.3
50.683,9.7126
50.693,10.488
50.703,9.7524
50.713,10.658
50.723,10.005
50.733,10.417
50.743,10.238
50.753,10.177
50.763,10.043
50.773,10.05
50.783,10.217
50.792,10.236
50.802,10.4
50.812,10.1
50.822,10.447
50.832,9.9618
50.842,10.164
50.852,9.7919
50.862,9.7612
50.872,9.6163
50.882,9.3416
50.892,9.5807
50.902,9.1656
50.912,9.7899
50.922,9.2136
50.932,9.8149
50.942,9.723
50.952,9.7164
50.962,9.5928
50.972,9.9007
50.982,9.429
50.992,10.097
51.002,9.4894
51.012,10.347
51.022,9.5772
51.032,10.37
51.042,9.6443
51.052,10.044
51.062,9.9904
51.072,9.7813
51.082,10.27
51.092,9.4358
51.102,10.573
51.112,9.3626
51.122,10.704
51.132,9.6401
51.142,10.479
51.152,9.9112
51.162,10.138
51.172,10.146
51.182,10.327
51.192,10.529
51.202,10.267
51.212,9.9712
51.222,10.099
51.232,9.5019
51.242,10.152
51.252,9.4566
51.262,10.03
51.271,9.476
51.281,10.083
51.291,9.4151
51.301,9.6772
51.311,9.3963
51.321,9.3717
51.331,9.3569
51.341,9.3407
51.351,9.6465
51.361,9.5085
51.371,9.9351
51.381,9.676
51.391,9.7495
51.401,10.01
51.411,9.4699
51.421,10.124
51.431,9.3328
51.441,9.9564
51.451,9.4644
51.461,9.5868
51.471,9.6861
51.481,9.5681
51.491,9.9426
51.501,9.5897
51.511,9.8669
51.521,9.9384
51.531,9.6736
51.541,10.249
51.551,9.5727
51.561,10.359
51.571,9.3391
51.581,10.302
51.591,9.7545
51.601,10.48
51.611,10.355
51.621,10.678
51.631,10.429
51.641,10.358
51.651,10.253
51.661,10.134
51.671,10.147
51.681,9.7367
51.691,10.075
51.701,9.2611
51.711,10.105
51.721,9.3105
51.731,10.327
51.741,9.2358
51.751,10.135
51.761,9.1463
51.77,9.8266
51.78,9.0785
51.79,9.8501
51.8,9.4802
51.81,9.795
51.82,9.866
51.83,9.7768
51.84,9.9808
51.85,9.7425
51.86,9.895
51.87,9.8
51.88,10.041
51.89,10.026
51.9,10.126
51.91,9.9443
51.92,9.9904
51.93,10.134
51.94,9.7655
51.95,10.488
51.96,9.6078
51.97,10.608
51.98,9.6712
51.99,10.463
52,9.9045
52.01,10.39
52.02,9.8446
52.03,10.388
52.04,9.9841
52.05,10.28
52.06,10.266
52.07,10.238
52.08,10.308
52.09,9.5918
52.1,9.9715
52.11,8.7992
52.12,9.9139
52.13,8.5896
52.14,9.9693
52.15,9.1391
52.16,9.7622
52.17,9.672
52.18,9.3265
52.19,9.6139
52.2,8.9689
52.21,9.3927
52.22,9.1743
52.229,9.4162
52.239,9.5307
52.249,9.4292
52.259,9.7528
52.269,9.3353
52.279,10.265
52.289,9.5852
52.299,10.449
52.309,9.5762
52.319,10.317
52.329,9.7619
52.339,10.345
52.349,10.397
52.359,10.259
52.369,10.737
52.379,10.014
52.389,10.502
52.399,9.8383
52.409,10.293
52.419,10.057
52.429,10.27
52.439,10.287
52.449,10.14
52.459,10.384
52.469,9.9366
52.479,10.509
52.489,9.6474
52.499,10.316
52.509,9.177
52.519,10.169
52.529,9.0042
52.539,10.144
52.549,9.1304
52.559,10.001
52.569,9.5213
52.579,9.7485
52.589,9.5675
52.599,9.5195
52.609,9.6913
52.619,9.5368
52.629,9.8383
52.639,9.7911
52.649,9.7524
52.659,9.917
52.669,9.3747
52.678,10.086
52.688,9.5072
52.698,10.115
52.708,9.788
52.718,9.945
52.728,10.111
52.738,9.7142
52.748,10.352
52.758,9.4283
52.768,10.558
52.778,9.4355
52.788,10.626
52.798,9.8399
52.808,10.509
52.818,10.185
52.828,10.333
52.838,10.405
52.848,10.104
52.858,10.371
52.868,9.7064
52.878,10.173
52.888,9.6644
52.898,9.8889
52.908,9.6888
52.918,9.585
52.928,9.5738
52.938,9.3204
52.948,9.6642
52.958,8.9903
52.968,9.7557
52.978,8.9569
52.988,9.7829
52.998,9.1909
53.008,9.8591
53.018,9.4178
53.028,9.8166
53.038,9.404
53.048,9.7649
53.058,9.6453
53.068,9.9684
53.078,9.747
53.088,10.004
53.098,9.7992
53.108,9.8142
53.118,9.992
53.128,9.8426
53.137,10.448
53.147,9.75
53.157,10.747
53.167,9.8025
53.177,10.544
53.187,9.9875
53.197,9.9152
53.207,10.144
53.217,9.8238
53.227,10.265
53.237,10.022
53.247,10.177
53.257,10.101
53.267,10.168
53.277,10.333
53.287,10.419
53.297,10.472
53.307,10.331
53.317,10.135
53.327,9.9836
53.337,9.5977
53.347,9.66
53.357,9.3111
53.367,9.6865
53.377,9.4726
53.387,9.916
53.397,9.735
53.407,9.9498
53.417,9.662
53.427,10.078
53.437,9.3371
53.447,10.159
53.457,9.0075
53.467,10.343
53.477,8.9776
53.487,10.408
53.497,9.2791
53.507,10.385
53.517,9.584
53.527,10.112
53.537,9.7605
53.547,10.006
53.557,9.7078
53.567,9.95
53.577,9.7786
53.586,9.8896
53.596,9.6121
53.606,9.7967
53.616,9.51
53.626,9.9369
53.636,9.6185
53.646,10.213
53.656,9.6069
53.666,10.222
53.676,9.6614
53.686,10.193
53.696,9.8899
53.706,10.017
53.716,9.983
53.726,9.7907
53.736,9.9853
53.746,9.9312
53.756,9.8775
53.766,9.8013
53.776,9.8983
53.786,9.5506
53.796,10.044
53.806,9.5281
53.816,10.299
53.826,9.2585
53.836,10.376
53.846,9.0232
53.856,10.391
53.866,9.1705
53.876,10.376
53.886,9.281
53.896,10.093
53.906,9.4325
53.916,9.944
53.926,9.5192
53.936,9.7834
53.946,9.5024
53.956,9.3759
53.966,9.6937
53.976,9.0264
53.986,10.098
53.996,9.0138
54.006,10.467
54.016,9.4367
54.026,10.583
54.036,9.9826
54.046,10.396
54.055,10.431
54.065,10.324
54.075,10.426
54.085,10.202
54.095,10.354
54.105,9.8851
54.115,10.101
54.125,9.7205
54.135,9.9815
54.145,10.016
54.155,10.013
54.165,10.194
54.175,9.9835
54.185,10.011
54.195,10.005
54.205,9.9657
54.215,10.061
54.225,9.9579
54.235,9.8901
54.245,10.007
54.255,9.6117
54.265,10.042
54.275,9.5045
54.285,10.262
54.295,9.3343
54.305,10.157
54.315,9.2572
54.325,10.013
54.335,9.2068
54.345,9.9139
54.355,9.1879
54.365,10.015
54.375,9.2928
54.385,10.071
54.395,9.4088
54.405,10.059
54.415,9.4659
54.425,9.9197
54.435,9.531
54.445,9.7161
54.455,9.7384
54.465,9.6685
54.475,10.155
54.485,9.8221
54.495,10.307
54.505,10.022
54.515,10.118
54.524,10.234
54.534,9.9835
54.544,10.139
54.554,9.8338
54.564,10.109
54.574,9.6179
54.584,10.18
54.594,9.587
54.604,10.135
54.614,9.4427
54.624,10.207
54.634,9.1669
54.644,10.293
54.654,8.9149
54.664,10.288
54.674,8.8938
54.684,10.142
54.694,9.0288
54.704,9.8533
54.714,9.1153
54.724,9.7455
54.734,9.4816
54.744,9.7376
54.754,9.8347
54.764,9.8263
54.774,9.8872
54.784,9.8622
54.794,9.929
54.804,10.076
54.814,9.9155
54.824,10.592
54.834,9.556
54.844,10.831
54.854,9.0298
54.864,10.749
54.874,8.8132
54.884,10.692
54.894,8.8806
54.904,10.4
54.914,9.2562
54.924,10.443
54.934,9.8471
54.944,10.582
54.954,10.235
54.964,10.518
54.974,10.161
54.984,10.296
54.993,10.338
55.003,10.138
55.013,10.469
55.023,10.012
55.033,10.523
55.043,10.02
55.053,10.185
55.063,9.8417
55.073,9.6416
55.083,9.7786
55.093,9.5124
55.103,9.9317
55.113,9.4683
55.123,10.116
55.133,9.4566
55.143,10.333
55.153,9.3109
55.163,10.31
55.173,8.9973
55.183,9.9778
55.193,8.6489
55.203,9.6753
55.213,8.8369
55.223,9.5459
55.233,9.3377
55.243,9.8191
55.253,9.9083
55.263,10.104
55.273,10.36
55.283,10.099
55.293,10.582
55.303,9.801
55.313,10.509
55.323,9.7046
55.333,10.373
55.343,9.7296
55.353,10.43
55.363,9.6908
55.373,10.493
55.383,9.7584
55.393,10.14
55.403,9.7977
55.413,9.8874
55.423,9.98
55.433,9.7919
55.443,10.227
55.453,9.5578
55.463,10.414
55.473,9.2572
55.483,10.486
55.493,8.9298
55.503,10.292
55.513,8.9223
55.522,10.081
55.532,9.4277
55.542,9.5522
55.552,9.5609
55.562,8.8033
55.572,9.813
55.582,8.6469
55.592,9.8724
55.602,8.7283
55.612,9.6347
55.622,8.8936
55.632,9.8015
55.642,9.1931
55.652,10.05
55.662,9.4677
55.672,10.216
55.682,9.8113
55.692,10.428
55.702,9.9769
55.712,10.213
55.722,9.9821
55.732,10.262
55.742,10.49
55.752,10.504
55.762,10.611
55.772,10.23
55.782,10.899
55.792,9.9552
55.802,11.063
55.812,9.7425
55.822,10.859
55.832,9.4918
55.842,10.724
55.852,9.5753
55.862,10.818
55.872,9.6816
55.882,10.641
55.892,9.375
55.902,10.235
55.912,9.2764
55.922,10.1
55.932,9.3606
55.942,9.9989
55.952,9.4783
55.962,9.7955
55.972,9.4819
55.982,9.8622
55.992,9.1836
56.002,9.9362
56.011,8.8674
56.021,9.9658
56.031,8.7358
56.041,10.223
56.051,9.0002
56.061,10.318
56.071,9.3177
56.081,10.336
56.091,9.4804
56.101,10.264
56.111,9.5069
56.121,10.335
56.131,9.6148
56.141,10.51
56.151,9.6661
56.161,10.711
56.171,9.7533
56.181,10.773
56.191,9.8193
56.201,10.6
56.211,9.8715
56.221,10.079
56.231,9.9218
56.241,9.8332
56.251,9.9923
56.261,9.6558
56.271,9.9991
56.281,9.5078
56.291,9.958
56.301,9.4847
56.311,10.004
56.321,9.4974
56.331,10.044
56.341,9.1273
56.351,9.9589
56.361,8.8418
56.371,9.9651
56.381,9.287
56.391,10.077
56.401,9.8618
56.411,9.9518
56.421,9.8817
56.431,9.8533
56.441,9.7007
56.451,9.9422
56.461,9.8239
56.471,10.21
56.481,9.8636
56.49,10.357
56.5,9.6757
56.51,10.248
56.52,9.7452
56.53,9.975
56.54,9.8311
56.55,9.7693
56.56,10.099
56.57,9.9134
56.58,10.286
56.59,10.249
56.6,10.199
56.61,10.403
56.62,9.9763
56.63,10.439
56.64,9.8789
56.65,10.295
56.66,9.8477
