0,9.8697
0.013,9.9013
0.023,9.848
0.033,9.8862
0.042,9.8723
0.052,9.8693
0.062,9.8744
0.072,9.8717
0.082,9.8766
0.092,9.872
0.102,9.8911
0.112,9.8745
0.122,9.8792
0.132,9.8817
0.142,9.8646
0.152,9.8601
0.162,9.8771
0.172,9.8723
0.182,9.8697
0.192,9.8819
0.202,9.8842
0.212,9.8679
0.222,9.8819
0.232,9.8726
0.242,9.8678
0.252,9.8723
0.262,9.8679
0.272,9.8795
0.282,9.8654
0.292,9.8771
0.302,9.8965
0.312,9.8992
0.322,9.8607
0.332,9.8771
0.342,9.8631
0.352,9.8771
0.362,9.8821
0.372,9.8893
0.382,9.8796
0.392,9.872
0.402,9.8724
0.412,9.8935
0.422,9.8841
0.432,9.872
0.442,9.8816
0.452,9.8841
0.462,9.8795
0.472,9.889
0.482,9.8889
0.491,9.8795
0.501,9.8747
0.511,9.8625
0.521,9.8601
0.531,9.8724
0.541,9.8913
0.551,9.8938
0.561,9.8699
0.571,9.8796
0.581,9.8724
0.591,9.8866
0.601,9.882
0.611,9.8721
0.621,9.8747
0.631,9.8768
0.641,9.872
0.651,9.8579
0.661,9.8769
0.671,9.86
0.681,9.8887
0.691,9.8932
0.701,9.8935
0.711,9.872
0.721,9.8598
0.731,9.8744
0.741,9.8792
0.751,9.867
0.761,9.8765
0.771,9.8889
0.781,9.8669
0.791,9.8742
0.801,9.8648
0.811,9.8934
0.821,9.8814
0.831,9.8862
0.841,9.8889
0.851,9.8675
0.861,9.8723
0.871,9.8889
0.881,9.8673
0.891,9.8723
0.901,9.8869
0.91,9.8747
0.92,9.8914
0.93,9.8648
0.94,9.8845
0.95,9.8702
0.96,9.8772
0.97,9.8651
0.98,9.8724
0.99,9.8649
1,9.882
1.01,9.8865
1.02,9.8795
1.03,9.8723
1.04,9.8863
1.05,9.8795
1.06,9.8887
1.07,9.8649
1.08,9.8718
1.09,9.8765
1.1,9.8742
1.11,9.8717
1.12,9.8887
1.13,9.8573
1.14,9.8525
1.15,9.8836
1.16,9.8742
1.17,9.8859
1.18,9.8645
1.19,9.8932
1.2,9.8884
1.21,9.886
1.22,9.8931
1.23,9.8742
1.24,9.901
1.25,9.8573
1.26,9.9006
1.27,9.8959
1.28,9.879
1.29,9.8721
1.3,9.8646
1.31,9.8844
1.32,9.8726
1.329,9.8821
1.339,9.8967
1.349,9.9061
1.359,9.8985
1.369,9.8672
1.379,9.8814
1.389,9.8429
1.399,9.8842
1.409,9.8332
1.419,9.9051
1.429,9.8426
1.439,9.9025
1.449,9.8646
1.459,9.8959
1.469,9.8673
1.479,9.8729
1.489,9.9021
1.499,9.8973
1.509,9.9187
1.519,9.8898
1.529,9.8914
1.539,9.8863
1.549,9.8546
1.559,9.8516
1.569,9.8154
1.579,9.844
1.589,9.8438
1.599,9.8398
1.609,9.8524
1.619,9.8459
1.629,9.8898
1.639,9.8733
1.649,9.9098
1.659,9.91
1.669,9.9318
1.679,9.9344
1.689,9.9248
1.699,9.9148
1.709,9.8875
1.719,9.911
1.729,9.8757
1.739,9.9037
1.748,9.8753
1.758,9.856
1.768,9.8271
1.778,9.7663
1.788,9.7302
1.798,9.7238
1.808,9.7536
1.818,9.81
1.828,9.9006
1.838,9.9859
1.848,9.9943
1.858,9.9856
1.868,9.9524
1.878,9.9411
1.888,9.9169
1.898,9.9308
1.908,9.9594
1.918,9.97
1.928,9.9452
1.938,9.9101
1.948,9.8494
1.958,9.7715
1.968,9.7663
1.978,9.7513
1.988,9.7609
1.998,9.8256
2.008,9.8215
2.018,9.8606
2.028,9.8495
2.038,9.8386
2.048,9.8467
2.058,9.8863
2.068,9.9208
2.078,9.9742
2.088,9.9914
2.098,9.9672
2.108,9.9528
2.118,9.9447
2.128,9.9128
2.138,9.8736
2.148,9.8652
2.158,9.8572
2.168,9.8705
2.178,9.8362
2.187,9.8158
2.197,9.7917
2.207,9.7843
2.217,9.7609
2.227,9.7997
2.237,9.8363
2.247,9.8705
2.257,9.8955
2.267,9.9109
2.277,9.9164
2.287,9.9051
2.297,9.9197
2.307,9.9202
2.317,9.9488
2.327,9.9561
2.337,9.944
2.347,9.9266
2.357,9.8875
2.367,9.87
2.377,9.8334
2.387,9.8304
2.397,9.8182
2.407,9.82
2.417,9.8513
2.427,9.8395
2.437,9.8494
2.447,9.8353
2.457,9.8503
2.467,9.8678
2.477,9.878
2.487,9.9097
2.497,9.9125
2.507,9.9443
2.517,9.9176
2.527,9.92
2.537,9.925
2.547,9.9172
2.557,9.8929
2.567,9.8851
2.577,9.8988
2.587,9.8786
2.597,9.8733
2.607,9.8272
2.617,9.8224
2.626,9.8293
2.636,9.803
2.646,9.8417
2.656,9.8422
2.666,9.8643
2.676,9.8744
2.686,9.8871
2.696,9.8851
2.706,9.898
2.716,9.9101
2.726,9.9103
2.736,9.9299
2.746,9.9224
2.756,9.9172
2.766,9.9148
2.776,9.8829
2.786,9.8801
2.796,9.8316
2.806,9.8575
2.816,9.8549
2.826,9.8616
2.836,9.8471
2.846,9.8446
2.856,9.8521
2.866,9.8235
2.876,9.8575
2.886,9.8576
2.896,9.8795
2.906,9.9158
2.916,9.904
2.926,9.9021
2.936,9.9116
2.946,9.9021
2.956,9.9043
2.966,9.8998
2.976,9.8917
2.986,9.8962
2.996,9.8937
3.006,9.8718
3.016,9.8667
3.026,9.8428
3.035,9.8474
3.045,9.842
3.055,9.8236
3.065,9.845
3.075,9.845
3.085,9.8622
3.095,9.8652
3.105,9.878
3.115,9.8687
3.125,9.8953
3.135,9.8979
3.145,9.8908
3.155,9.9202
3.165,9.8886
3.175,9.9076
3.185,9.8979
3.195,9.8974
3.205,9.8756
3.215,9.8826
3.225,9.8652
3.235,9.8576
3.245,9.857
3.255,9.8685
3.265,9.8661
3.275,9.8422
3.285,9.835
3.295,9.8589
3.305,9.8543
3.315,9.8905
3.325,9.867
3.335,9.9031
3.345,9.87
3.355,9.9131
3.365,9.923
3.375,9.9037
3.385,9.911
3.395,9.901
3.405,9.882
3.415,9.8865
3.425,9.8675
3.435,9.8839
3.445,9.8693
3.455,9.8498
3.465,9.8501
3.474,9.8597
3.484,9.8697
3.494,9.8503
3.504,9.8581
3.514,9.8603
3.524,9.8655
3.534,9.8826
3.544,9.8709
3.554,9.8853
3.564,9.9025
3.574,9.9071
3.584,9.8807
3.594,9.8902
3.604,9.8805
3.614,9.8756
3.624,9.8727
3.634,9.8676
3.644,9.8694
3.654,9.8718
3.664,9.8717
3.674,9.8664
3.684,9.8618
3.694,9.8618
3.704,9.8425
3.714,9.8595
3.724,9.8856
3.734,9.8907
3.744,9.8766
3.754,9.8841
3.764,9.8766
3.774,9.8678
3.784,9.8964
3.794,9.8868
3.804,9.8847
3.814,9.8869
3.824,9.8772
3.834,9.9034
3.844,9.8889
3.854,9.8819
3.864,9.8768
3.874,9.8646
3.884,9.8551
3.894,9.8765
3.904,9.8717
3.913,9.867
3.923,9.8792
3.933,9.867
3.943,9.8673
3.953,9.8649
3.963,9.8866
3.973,9.8845
3.983,9.8775
3.993,9.8771
4.003,9.8747
4.013,9.894
4.023,9.8792
4.033,9.8916
4.043,9.8935
4.053,9.8789
4.063,9.872
4.073,9.869
4.083,9.8714
4.093,9.8786
4.103,9.8738
4.113,9.8643
4.123,9.8595
4.133,9.8453
4.143,9.8814
4.153,9.8816
4.163,9.8723
4.173,9.8795
4.183,9.882
4.193,9.9013
4.203,9.8872
4.213,9.8922
4.223,9.8729
4.233,9.8872
4.243,9.8946
4.253,9.8821
4.263,9.8872
4.273,9.8536
4.283,9.8775
4.293,9.8775
4.303,9.8624
4.313,9.8672
4.323,9.8649
4.333,9.8646
4.343,9.8645
4.352,9.8886
4.362,9.8696
4.372,9.8814
4.382,9.8718
4.392,9.8789
4.402,9.8814
4.412,9.8841
4.422,9.872
4.432,9.886
4.442,9.898
4.452,9.872
4.462,9.8739
4.472,9.891
4.482,9.869
4.492,9.8835
4.502,9.8525
4.512,9.8616
4.522,9.8787
4.532,9.8714
4.542,9.8932
4.552,9.8694
4.562,9.8648
4.572,9.8844
4.582,9.8819
4.592,9.8893
4.602,9.8726
4.612,9.8774
4.622,9.8705
4.632,9.9019
4.642,9.8872
4.652,9.8775
4.662,9.8899
4.672,9.8898
4.682,9.8772
4.692,9.8777
4.702,9.8967
4.712,9.856
4.722,9.8895
4.732,9.8678
4.742,9.8866
4.752,9.8721
4.762,9.867
4.772,9.8741
4.781,9.8813
4.791,9.879
4.801,9.8669
4.811,9.8839
4.821,9.8718
4.831,9.8839
4.841,9.8579
4.851,9.8865
4.861,9.879
4.871,9.8747
4.881,9.8887
4.891,9.8694
4.901,9.8721
4.911,9.8817
4.921,9.8964
4.931,9.8622
4.941,9.8673
4.951,9.8748
4.961,9.8913
4.971,9.8816
4.981,9.8892
4.991,9.8766
5.001,9.8793
5.011,9.8798
5.021,9.8651
5.031,9.8648
5.041,9.8892
5.051,9.8627
5.061,9.8941
5.071,9.9037
5.081,9.8751
5.091,9.8845
5.101,9.8795
5.111,9.8798
5.121,9.8845
5.131,9.8628
5.141,9.8964
5.151,9.872
5.161,9.8408
5.171,9.9083
5.181,9.8742
5.191,9.8672
5.201,9.8747
5.211,9.8337
5.221,9.8772
5.23,9.8675
5.24,9.8702
5.25,9.87
5.26,9.8558
5.27,9.8941
5.28,9.8703
5.29,9.8699
5.3,9.8774
5.31,9.863
5.32,9.8848
5.33,9.8708
5.34,9.8606
5.35,9.8845
5.36,9.8799
5.37,9.8727
5.38,9.8844
5.39,9.8702
5.4,9.8724
5.41,9.8895
5.42,9.87
5.43,9.8747
5.44,9.8775
5.45,9.889
5.46,9.8965
5.47,9.8724
5.48,9.8769
5.49,9.8938
5.5,9.8675
5.51,9.8721
5.52,9.886
5.53,9.8793
5.54,9.8839
5.55,9.8742
5.56,9.8622
5.57,9.8622
5.58,9.8552
5.59,9.872
5.6,9.8578
5.61,9.8766
5.62,9.8672
5.63,9.8916
5.64,9.8724
5.65,9.8842
5.66,9.8771
5.67,9.8676
5.679,9.8729
5.689,9.878
5.699,9.8827
5.709,9.8851
5.719,9.8801
5.729,9.873
5.739,9.8639
5.749,9.878
5.759,9.8636
5.769,9.8732
5.779,9.8802
5.789,9.8703
5.799,9.8748
5.809,9.8751
5.819,9.8871
5.829,9.8678
5.839,9.8581
5.849,9.8724
5.859,9.8697
5.869,9.8578
5.879,9.8627
5.889,9.8865
5.899,9.8844
5.909,9.8601
5.919,9.8839
5.929,9.8844
5.939,9.8962
5.949,9.8696
5.959,9.8817
5.969,9.8579
5.979,9.8795
5.989,9.87
5.999,9.8866
6.009,9.8868
6.019,9.8889
6.029,9.8774
6.039,9.8774
6.049,9.8724
6.059,9.8772
6.069,9.8771
6.079,9.8774
6.089,9.8651
6.099,9.8601
6.109,9.8798
6.119,9.8772
6.128,9.8774
6.138,9.8726
6.148,9.8893
6.158,9.8751
6.168,9.8943
6.178,9.8895
6.188,9.8874
6.198,9.9136
6.208,9.9015
6.218,9.8895
6.228,9.8751
6.238,9.8938
6.248,9.9034
6.258,9.8889
6.268,9.8887
6.278,9.8694
6.288,9.8598
6.298,9.8982
6.308,9.9058
6.318,9.9033
6.328,9.8845
6.338,9.87
6.348,9.8631
6.358,9.8603
6.368,9.8866
6.378,9.9082
6.388,9.8965
6.398,9.8745
6.408,9.8646
6.418,9.8548
6.428,9.8281
6.438,9.8133
6.448,9.806
6.458,9.832
6.468,9.8464
6.478,9.8607
6.488,9.8563
6.498,9.8519
6.508,9.847
6.518,9.8453
6.528,9.8841
6.538,9.894
6.548,9.9039
6.558,9.9351
6.567,9.9235
6.577,9.926
6.587,9.911
6.597,9.8845
6.607,9.8793
6.617,9.898
6.627,9.8878
6.637,9.8896
6.647,9.8823
6.657,9.8387
6.667,9.8482
6.677,9.8049
6.687,9.8266
6.697,9.8386
6.707,9.8413
6.717,9.8754
6.727,9.8907
6.737,9.8889
6.747,9.9324
6.757,9.9383
6.767,9.9705
6.777,10.003
6.787,10.064
6.797,10.135
6.807,10.185
6.817,10.251
6.827,10.303
6.837,10.333
6.847,10.132
6.857,10.221
6.867,10.303
6.877,10.372
6.887,10.228
6.897,10.246
6.907,10.018
6.917,10.169
6.927,10.272
6.937,10.083
6.947,10.292
6.957,9.8232
6.967,10.088
6.977,9.8368
6.987,9.9655
6.997,9.8654
7.006,9.8182
7.016,9.6576
7.026,9.5555
7.036,9.5853
7.046,9.218
7.056,9.4457
7.066,8.9307
7.076,9.1562
7.086,9.3244
7.096,9.4096
7.106,9.3132
7.116,9.4208
7.126,9.3181
7.136,9.3064
7.146,9.3846
7.156,9.0999
7.166,9.3362
7.176,9.2199
7.186,9.5471
7.196,9.3558
7.206,9.4778
7.216,9.7281
7.226,9.9259
7.236,10.403
7.246,10.276
7.256,10.561
7.266,10.176
7.276,10.476
7.286,10.116
7.296,10.557
7.306,10.155
7.316,10.465
7.326,9.9573
7.336,10.242
7.346,9.848
7.356,10.117
7.366,9.7801
7.376,9.9559
7.386,9.7302
7.396,9.879
7.406,9.6284
7.416,9.673
7.426,9.4861
7.436,9.4817
7.446,9.4317
7.455,9.4894
7.465,9.5756
7.475,9.6527
7.485,9.7543
7.495,9.764
7.505,9.8314
7.515,9.803
7.525,9.9082
7.535,9.9028
7.545,10.032
7.555,9.9989
7.565,10.089
7.575,10.036
7.585,10.127
7.595,10.059
7.605,10.084
7.615,9.9576
7.625,9.9077
7.635,9.8146
7.645,9.8417
7.655,9.8495
7.665,9.8669
7.675,9.8401
7.685,9.826
7.695,9.7714
7.705,9.7798
7.715,9.8046
7.725,9.8726
7.735,9.9675
7.745,10.067
7.755,10.293
7.765,10.48
7.775,10.07
7.785,10.376
7.795,9.9949
7.805,10.54
7.815,10.281
7.825,10.788
7.835,10.507
7.845,10.502
7.855,11.147
7.864,10.889
7.874,11.905
7.884,11.274
7.894,11.659
7.904,10.559
7.914,11.016
7.924,10.005
7.934,10.311
7.944,8.7469
7.954,9.2723
7.964,8.3941
7.974,9.3529
7.984,8.8451
7.994,9.6316
8.004,9.0527
8.014,9.5913
8.024,9.0774
8.034,9.9682
8.044,10.103
8.054,10.804
8.064,11.725
8.074,12.204
8.084,12.494
8.094,12.059
8.104,11.937
8.114,11.68
8.124,11.787
8.134,11.581
8.144,10.701
8.154,9.388
8.164,8.8738
8.174,8.3448
8.184,8.6637
8.194,7.8729
8.204,7.8389
8.214,7.9239
8.224,8.501
8.234,8.7357
8.244,8.8674
8.254,8.9176
8.264,9.4371
8.274,9.8471
8.284,10.514
8.294,11.049
8.304,11.315
8.314,11.462
8.323,11.262
8.333,10.81
8.343,10.623
8.353,9.9968
8.363,9.8524
8.373,9.4777
8.383,8.8405
8.393,8.1806
8.403,7.5811
8.413,8.0238
8.423,8.0284
8.433,8.5373
8.443,8.0696
8.453,8.6089
8.463,8.8198
8.473,9.5048
8.483,9.6501
8.493,10.12
8.503,10.574
8.513,11.577
8.523,11.74
8.533,12.24
8.543,11.984
8.553,11.714
8.563,10.92
8.573,10.752
8.583,9.948
8.593,9.7154
8.603,9.3259
8.613,9.0813
8.623,7.8084
8.633,7.6982
8.643,7.8078
8.653,8.4668
8.663,8.407
8.673,8.8417
8.683,8.7854
8.693,9.5986
8.703,9.9224
8.713,10.871
8.723,10.703
8.733,11.028
8.743,10.973
8.753,11.265
8.762,10.964
8.772,10.771
8.782,10.746
8.792,10.682
8.802,10.407
8.812,9.9571
8.822,9.4475
8.832,8.8289
8.842,8.8075
8.852,8.8982
8.862,8.6348
8.872,8.9141
8.882,8.6849
8.892,8.7727
8.902,8.9134
8.912,9.0943
8.922,9.1383
8.932,9.1867
8.942,9.6543
8.952,10.293
8.962,10.561
8.972,11.026
8.982,11.178
8.992,11.418
9.002,11.265
9.012,11.178
9.022,10.872
9.032,10.322
9.042,9.8826
9.052,9.4461
9.062,9.2072
9.072,9.4126
9.082,9.1053
9.092,9.1219
9.102,8.8756
9.112,8.6358
9.122,8.5565
9.132,8.9378
9.142,9.0578
9.152,9.2172
9.162,9.585
9.172,9.8771
9.182,10.364
9.192,10.485
9.202,10.543
9.211,10.574
9.221,10.615
9.231,10.681
9.241,10.848
9.251,10.757
9.261,10.791
9.271,10.466
9.281,9.8784
9.291,9.2767
9.301,8.683
9.311,8.3332
9.321,8.3568
9.331,8.4025
9.341,8.7936
9.351,8.8689
9.361,9.2843
9.371,9.4704
9.381,10.031
9.391,10.34
9.401,11.06
9.411,10.957
9.421,11.426
9.431,11.363
9.441,11.595
9.451,11.5
9.461,11.669
9.471,11.571
9.481,11.225
9.491,11.138
9.501,10.134
9.511,9.6311
9.521,8.5843
9.531,8.6706
9.541,8.5647
9.551,9.0262
9.561,8.36
9.571,8.781
9.581,8.0086
9.591,8.7852
9.601,8.6698
9.611,9.4626
9.621,9.3165
9.631,10.173
9.641,10.078
9.651,10.965
9.66,10.55
9.67,10.817
9.68,10.661
9.69,10.72
9.7,10.624
9.71,10.249
9.72,10.004
9.73,9.1086
9.74,9.5207
9.75,8.235
9.76,9.6964
9.77,7.7012
9.78,9.8488
9.79,7.7745
9.8,9.9862
9.81,8.2059
9.82,10.364
9.83,8.8858
9.84,10.615
9.85,9.3979
9.86,11.382
9.87,10.172
9.88,11.432
9.89,10.346
9.9,11.604
9.91,10.681
9.92,11.616
9.93,10.522
9.94,11.358
9.95,10.239
9.96,10.675
9.97,9.205
9.98,8.8465
9.99,8.1218
10,8.3502
10.01,8.524
10.02,8.6429
10.03,8.8771
10.04,8.6701
10.05,9.3653
10.06,9.7054
10.07,10.513
10.08,10.571
10.089,10.825
10.099,10.702
10.109,10.853
10.119,10.884
10.129,10.421
10.139,10.455
10.149,9.8949
10.159,10.13
10.169,9.676
10.179,9.5477
10.189,9.0397
10.199,8.9876
10.209,9.1618
10.219,9.3058
10.229,9.0839
10.239,9.1898
10.249,9.337
10.259,9.7223
10.269,10.211
10.279,10.414
10.289,10.618
10.299,10.672
10.309,11.101
10.319,11.038
10.329,10.785
10.339,10.327
10.349,9.8464
10.359,9.6025
10.369,9.2335
10.379,9.1075
10.389,8.7825
10.399,8.9652
10.409,9.0259
10.419,9.2789
10.429,9.2475
10.439,9.3603
10.449,9.6793
10.459,9.942
10.469,10.274
10.479,10.301
10.489,10.494
10.499,10.334
10.508,10.471
10.518,9.925
10.528,10.181
10.538,9.9871
10.548,10.463
10.558,10.506
10.568,10.265
10.578,10.089
10.588,9.8413
10.598,9.7521
10.608,10.13
10.618,10.01
10.628,10.004
10.638,9.559
10.648,9.4484
10.658,9.4513
10.668,10.026
10.678,10.199
10.688,10.355
10.698,10.134
10.708,10.038
10.718,9.5772
10.728,9.3452
10.738,9.2259
10.748,9.4301
10.758,9.4091
10.768,9.8801
10.778,9.7992
10.788,10.008
10.798,9.8652
10.808,10.17
10.818,10.186
10.828,10.17
10.838,9.8789
10.848,9.5073
10.858,9.3445
10.868,9.3543
10.878,9.5947
10.888,9.9818
10.898,10.291
10.908,10.428
10.918,10.36
10.927,10.106
10.937,9.7908
10.947,9.908
10.957,9.4756
10.967,9.5376
10.977,9.1268
10.987,9.0791
10.997,9.0134
11.007,9.2121
11.017,9.4488
11.027,9.7637
11.037,9.4506
11.047,9.883
11.057,9.463
11.067,9.8215
11.077,9.54
11.087,9.6409
11.097,9.8244
11.107,9.9748
11.117,10.172
11.127,10.077
11.137,10.077
11.147,10.516
11.157,10.022
11.167,10.788
11.177,10.186
11.187,10.738
11.197,10.593
11.207,10.983
11.217,10.772
11.227,11.074
11.237,10.352
11.247,10.458
11.257,9.8337
11.267,9.6465
11.277,8.9473
11.287,9.0813
11.297,8.4402
11.307,8.7599
11.317,8.5287
11.327,9.0506
11.337,8.7249
11.347,9.2612
11.357,9.2063
11.366,10.052
11.376,10.041
11.386,10.664
11.396,10.4
11.406,10.856
11.416,10.611
11.426,10.646
11.436,10.353
11.446,10.034
11.456,9.897
11.466,9.6413
11.476,9.7224
11.486,9.4986
11.496,9.6337
11.506,9.3891
11.516,9.7431
11.526,9.2268
11.536,9.5744
11.546,9.0626
11.556,9.3587
11.566,9.1129
11.576,9.2135
11.586,9.1699
11.596,9.5795
11.606,10.041
11.616,10.257
11.626,10.674
11.636,10.512
11.646,10.951
11.656,10.505
11.666,10.681
11.676,10.617
11.686,10.114
11.696,10.524
11.706,9.5371
11.716,10.183
11.726,9.1961
11.736,9.4237
11.746,9.0643
11.756,9.0746
11.766,9.0978
11.776,8.8959
11.786,9.678
11.795,9.4072
11.805,10.355
11.815,10.214
11.825,10.563
11.835,10.527
11.845,10.733
11.855,10.753
11.865,10.798
11.875,10.367
11.885,10.324
11.895,9.8001
11.905,9.6618
11.915,9.4461
11.925,9.7191
11.935,9.8667
11.945,10.101
11.955,10.096
11.965,9.6353
11.975,9.6397
11.985,9.2324
11.995,9.3612
12.005,9.0316
12.015,8.987
12.025,9.2117
12.035,9.2407
12.045,9.5937
12.055,9.8239
12.065,10.294
12.075,10.379
12.085,10.83
12.095,10.5
12.105,10.811
12.115,10.279
12.125,10.75
12.135,9.795
12.145,10.176
12.155,9.1454
12.165,9.616
12.175,8.8704
12.185,9.1047
12.195,9.0138
12.205,9.1464
12.215,9.3329
12.225,9.4165
12.234,9.7349
12.244,9.3952
12.254,9.8895
12.264,9.6007
12.274,10.201
12.284,10.027
12.294,10.19
12.304,9.8058
12.314,10.093
12.324,9.6485
12.334,9.9494
12.344,9.1319
12.354,10.039
12.364,9.2645
12.374,9.8967
12.384,9.4897
12.394,9.9315
12.404,10.051
12.414,10.234
12.424,10.483
12.434,10.216
12.444,10.944
12.454,10.551
12.464,11.517
12.474,10.575
12.484,10.986
12.494,10.152
12.504,9.941
12.514,9.8509
12.524,9.2811
12.534,8.9165
12.544,8.573
12.554,8.655
12.564,8.9737
12.574,9.0821
12.584,9.4765
12.594,9.7329
12.604,10.048
12.614,10.297
12.624,10.348
12.634,10.489
12.644,10.268
12.653,11.013
12.663,10.346
12.673,11.386
12.683,10.066
12.693,10.882
12.703,9.6597
12.713,10.359
12.723,9.0199
12.733,9.8542
12.743,8.8499
12.753,9.9407
12.763,8.9616
12.773,9.4491
12.783,8.9258
12.793,9.1407
12.803,9.0966
12.813,9.1542
12.823,9.4879
12.833,9.1054
12.843,10.083
12.853,9.5748
12.863,10.467
12.873,9.8819
12.883,10.471
12.893,10.035
12.903,10.584
12.913,10.463
12.923,10.586
12.933,10.493
12.943,10.177
12.953,10.179
12.963,9.7618
12.973,9.7477
12.983,9.5807
12.993,9.4461
13.003,9.5669
13.013,9.293
13.023,9.5102
13.033,9.2503
13.043,9.2987
13.053,9.4475
13.063,9.9145
13.073,9.6232
13.083,10.589
13.093,9.8452
13.102,10.699
13.112,10.431
13.122,11.185
13.132,10.59
13.142,11.332
13.152,10.488
13.162,11.074
13.172,10.511
13.182,10.418
13.192,10.25
13.202,9.6522
13.212,9.631
13.222,8.6629
13.232,9.1568
13.242,8.7987
13.252,8.9339
13.262,8.82
13.272,9.2074
13.282,8.8758
13.292,9.3244
13.302,9.4281
13.312,9.7308
13.322,10.171
13.332,9.9947
13.342,10.368
13.352,9.8956
13.362,10.336
13.372,10.158
13.382,10.151
13.392,10.442
13.402,9.9341
13.412,10.751
13.422,9.5834
13.432,10.321
13.442,9.1225
13.452,9.8402
13.462,9.0494
13.472,9.5823
13.482,8.7556
13.492,9.1247
13.502,8.6352
13.512,9.7911
13.522,9.3632
13.532,10.021
13.541,9.7712
13.551,10.09
13.561,10.148
13.571,10.231
13.581,9.7892
13.591,10.38
13.601,9.9742
13.611,10.396
13.621,10.457
13.631,9.864
13.641,10.554
13.651,9.9733
13.661,10.503
13.671,10.302
13.681,9.8874
13.691,9.9212
13.701,9.3612
13.711,9.6287
13.721,9.3012
13.731,9.6214
13.741,9.6123
13.751,10.176
13.761,10.005
13.771,10.478
13.781,9.5498
13.791,10.322
13.801,9.5699
13.811,9.7509
13.821,9.5696
13.831,9.3714
13.841,9.917
13.851,9.1544
13.861,9.6705
13.871,9.2291
13.881,9.6738
13.891,9.415
13.901,10.269
13.911,9.8723
13.921,10.236
13.931,10.588
13.941,10.328
13.95,11.096
13.96,10.27
13.97,10.7
13.98,10.082
13.99,10.732
14,9.8976
14.01,10.379
14.02,9.2265
14.03,9.6328
14.04,8.6626
14.05,9.1449
14.06,8.1101
14.07,9.3006
14.08,7.9548
14.09,9.8723
14.1,8.8057
14.11,11.127
14.12,10.303
14.13,11.863
14.14,10.398
14.15,10.607
14.16,9.0379
14.17,11.298
14.18,9.2876
14.19,12.413
14.2,8.3863
14.21,11.006
14.22,8.4348
14.23,9.5024
14.24,7.5455
14.25,8.4109
14.26,9.2163
14.27,8.8017
14.28,9.9031
14.29,8.629
14.3,10.201
14.31,9.4304
14.32,11.114
14.33,10.383
14.34,11.083
14.35,10.531
14.36,11.222
14.37,10.521
14.38,11.098
14.39,10.811
14.4,11.177
14.41,10.95
14.419,10.761
14.429,9.9589
14.439,9.8691
14.449,9.0686
14.459,9.2472
14.469,8.3031
14.479,8.705
14.489,8.1666
14.499,8.8274
14.509,9.1478
14.519,9.45
14.529,10.037
14.539,9.9976
14.549,10.686
14.559,10.21
14.569,10.97
14.579,10.344
14.589,10.849
14.599,10.659
14.609,10.662
14.619,10.452
14.629,10.209
14.639,9.5353
14.649,9.8896
14.659,9.2666
14.669,10.198
14.679,9.6488
14.689,9.8865
14.699,9.2554
14.709,9.6828
14.719,9.1642
14.729,9.2538
14.739,9.5302
14.749,9.3536
14.759,9.9151
14.769,9.5467
14.779,10.096
14.789,10.063
14.799,10.305
14.809,10.619
14.819,10.491
14.829,10.325
14.839,10.405
14.849,10.318
14.858,9.9827
14.868,9.8251
14.878,9.4606
14.888,9.2732
14.898,9.0487
14.908,8.438
14.918,8.8119
14.928,7.9281
14.938,8.884
14.948,8.4318
14.958,9.2743
14.968,9.537
14.978,9.6006
14.988,10.244
14.998,10.238
15.008,10.703
15.018,10.536
15.028,11.069
15.038,10.6
15.048,11
15.058,10.631
15.068,10.946
15.078,10.733
15.088,10.331
15.098,10.348
15.108,9.0792
15.118,9.8271
15.128,8.3631
15.138,9.4548
15.148,8.3907
15.158,9.3295
15.168,9.2005
15.178,9.8101
15.188,10.163
15.198,10.195
15.208,10.676
15.218,9.7405
15.228,10.539
15.238,9.9491
15.248,10.613
15.258,10.331
15.268,10.697
15.278,9.9506
15.288,10.577
15.297,9.6126
15.307,10.107
15.317,9.4448
15.327,9.4509
15.337,8.9104
15.347,9.0672
15.357,9.0349
15.367,9.626
15.377,9.4377
15.387,10.011
15.397,9.6558
15.407,10.043
15.417,10.47
15.427,9.7724
15.437,10.712
15.447,9.9107
15.457,10.732
15.467,9.7283
15.477,9.6034
15.487,8.7562
15.497,8.327
15.507,9.0848
15.517,9.0047
15.527,9.7281
15.537,9.0536
15.547,10.055
15.557,9.6536
15.567,10.69
15.577,10.037
15.587,10.85
15.597,10.183
15.607,11.025
15.617,10.505
15.627,10.744
15.637,10.477
15.647,10.043
15.657,10.284
15.667,10.074
15.677,9.4244
15.687,9.562
15.697,8.8695
15.707,9.0407
15.717,8.6302
15.727,8.8701
15.736,8.5821
15.746,9.5183
15.756,9.0813
15.766,9.8016
15.776,9.7787
15.786,9.941
15.796,10.418
15.806,9.9827
15.816,10.65
15.826,9.7952
15.836,10.462
15.846,9.7161
15.856,10.662
15.866,9.7358
15.876,10.492
15.886,10.324
15.896,9.7362
15.906,10.569
15.916,9.3334
15.926,10.439
15.936,9.2563
15.946,10.505
15.956,9.41
15.966,10.59
15.976,9.8274
15.986,10.706
15.996,10.403
16.006,10.217
16.016,10.477
16.026,10.03
16.036,10.496
16.046,9.9312
16.056,10.477
16.066,9.7566
16.076,10.136
16.086,10.272
16.096,9.7414
16.106,10.141
16.116,9.6626
16.126,9.9262
16.136,9.4156
16.146,9.379
16.156,8.8453
16.165,9.1303
16.175,9.2166
16.185,9.0122
16.195,9.6747
16.205,9.5756
16.215,9.4602
16.225,10.121
16.235,9.6299
16.245,10.509
16.255,9.8935
16.265,9.7922
16.275,10.354
16.285,9.6811
16.295,10.559
16.305,9.5576
16.315,10.209
16.325,9.0759
16.335,10.083
16.345,9.1831
16.355,9.9239
16.365,9.5961
16.375,9.543
16.385,10.194
16.395,9.6654
16.405,10.643
16.415,9.4467
16.425,10.518
16.435,9.2208
16.445,10.726
16.455,9.3948
16.465,10.595
16.475,9.2865
16.485,10.481
16.495,9.7045
16.505,10.459
16.515,9.6883
16.525,9.948
16.535,9.8827
16.545,9.5603
16.555,9.6022
16.565,9.1183
16.575,9.1262
16.585,9.2291
16.595,9.4349
16.604,9.5772
16.614,9.8832
16.624,9.6937
16.634,10.136
16.644,10.058
16.654,10.253
16.664,10.167
16.674,10.141
16.684,10.546
16.694,10.432
16.704,10.879
16.714,10.205
16.724,10.318
16.734,9.9227
16.744,9.5867
16.754,9.9202
16.764,9.1746
16.774,9.7733
16.784,8.8899
16.794,9.757
16.804,9.1668
16.814,9.3314
16.824,9.3973
16.834,9.466
16.844,9.7643
16.854,9.9455
16.864,10.244
16.874,10.173
16.884,10.642
16.894,10.5
16.904,10.491
16.914,10.603
16.924,10.233
16.934,10.818
16.944,10.354
16.954,10.04
16.964,10.368
16.974,9.1427
16.984,10.224
16.994,9.4557
17.004,10.216
17.014,9.2422
17.024,9.4457
17.034,8.8538
17.044,8.8816
17.054,8.6445
17.063,8.4308
17.073,8.6733
17.083,8.6255
17.093,9.5751
17.103,9.2684
17.113,10.188
17.123,9.7223
17.133,10.726
17.143,9.776
17.153,11.086
17.163,9.9726
17.173,10.824
17.183,10.061
17.193,10.548
17.203,10.648
17.213,10.603
17.223,10.607
17.233,10.392
17.243,9.742
17.253,10.098
17.263,9.1557
17.273,9.8498
17.283,9.2258
17.293,9.2147
17.303,9.8979
17.313,8.8143
17.323,10.041
17.333,8.942
17.343,9.8789
17.353,9.3388
17.363,10.083
17.373,10.139
17.383,10.145
17.393,10.226
17.403,10.09
17.413,10.204
17.423,10.221
17.433,10.581
17.443,10.036
17.453,10.972
17.463,9.8592
17.473,11.204
17.483,9.9504
17.493,10.442
17.503,9.6277
17.512,9.3463
17.522,9.5166
17.532,9.2135
17.542,9.3832
17.552,9.2921
17.562,8.9969
17.572,9.6679
17.582,8.9925
17.592,10.132
17.602,9.3689
17.612,10.625
17.622,10.024
17.632,11.127
17.642,10.004
17.652,11.146
17.662,9.6606
17.672,10.54
17.682,9.882
17.692,10.173
17.702,9.7661
17.712,9.3656
17.722,9.2274
17.732,8.9824
17.742,8.7117
17.752,9.1071
17.762,8.8896
17.772,9.3457
17.782,9.2421
17.792,9.7275
17.802,9.5528
17.812,10.048
17.822,9.9456
17.832,10.158
17.842,10.303
17.852,10.249
17.862,10.232
17.872,10.173
17.882,10.81
17.892,10.555
17.902,11.787
17.912,9.7081
17.922,10.25
17.932,8.5704
17.942,9.3181
17.951,8.1074
17.961,8.5028
17.971,8.1041
17.981,8.6343
17.991,8.3996
18.001,9.4114
18.011,8.9707
18.021,10.101
18.031,9.936
18.041,10.951
18.051,10.862
18.061,11.387
18.071,11.21
18.081,11.592
18.091,11.165
18.101,11.517
18.111,10.936
18.121,10.723
18.131,11.422
18.141,9.7528
18.151,11.11
18.161,9.0081
18.171,10.109
18.181,9.0952
18.191,9.4445
18.201,9.08
18.211,8.3031
18.221,8.3098
18.231,7.5117
18.241,8.4315
18.251,8.2733
18.261,9.128
18.271,9.1979
18.281,9.9208
18.291,9.9908
18.301,10.572
18.311,10.719
18.321,10.714
18.331,11.124
18.341,10.334
18.351,12.088
18.361,9.9967
18.371,12.462
18.38,10.199
18.39,11.603
18.4,9.4877
18.41,9.6584
18.42,8.1459
18.43,7.9211
18.44,8.0167
18.45,8.0685
18.46,8.3688
18.47,8.4183
18.48,8.975
18.49,9.4705
18.5,10.235
18.51,10.561
18.52,10.764
18.53,10.853
18.54,11.069
18.55,10.981
18.56,11.62
18.57,10.828
18.58,11.394
18.59,10.108
18.6,11.176
18.61,9.532
18.62,10.363
18.63,8.9864
18.64,9.3796
18.65,8.4899
18.66,8.7376
18.67,8.3583
18.68,8.1534
18.69,8.5414
18.7,8.496
18.71,9.0638
18.72,9.1351
18.73,9.4289
18.74,9.7513
18.75,9.932
18.76,10.145
18.77,10.088
18.78,10.486
18.79,10.429
18.799,10.964
18.809,10.615
18.819,10.589
18.829,10.425
18.839,10.166
18.849,10.904
18.859,10.249
18.869,10.44
18.879,10.121
18.889,9.8115
18.899,10.734
18.909,9.8468
18.919,10.522
18.929,10.385
18.939,10.27
18.949,10.431
18.959,9.756
18.969,10.23
18.979,9.431
18.989,9.9646
18.999,9.2292
19.009,9.3701
19.019,9.302
19.029,8.5842
19.039,9.9336
19.049,8.878
19.059,10.126
19.069,9.657
19.079,10.026
19.089,10.346
19.099,9.9794
19.109,10.539
19.119,9.3425
19.129,10.841
19.139,9.0403
19.149,10.429
19.159,9.5513
19.169,9.4244
19.179,9.5798
19.189,8.7014
19.199,9.7576
19.209,8.1655
19.219,9.2285
19.229,8.5361
19.238,9.3114
19.248,9.4229
19.258,9.9432
19.268,10.044
19.278,10.724
19.288,10.296
19.298,11.492
19.308,10.533
19.318,11.452
19.328,10.408
19.338,11.115
19.348,10.226
19.358,11.628
19.368,10.707
19.378,10.651
19.388,9.3843
19.398,8.8433
19.408,8.4736
19.418,8.6149
19.428,8.7197
19.438,8.6126
19.448,8.5746
19.458,8.6312
19.468,9.1318
19.478,8.9249
19.488,9.1966
19.498,9.1265
19.508,9.6908
19.518,9.7533
19.528,10.057
19.538,10.128
19.548,10.125
19.558,10.503
19.568,10.316
19.578,10.453
19.588,10.814
19.598,10.233
19.608,11.074
19.618,10.065
19.628,10.69
19.638,10.289
19.648,10.765
19.658,10.758
19.667,10.913
19.677,10.113
19.687,10.196
19.697,9.2608
19.707,9.6135
19.717,8.4871
19.727,9.0131
19.737,8.2588
19.747,8.733
19.757,9.2261
19.767,9.5359
19.777,10.036
19.787,10.282
19.797,10.547
19.807,10.685
19.817,10.588
19.827,10.625
19.837,10.993
19.847,10.905
19.857,10.756
19.867,10.84
19.877,10.233
19.887,10.833
19.897,9.707
19.907,10.267
19.917,9.2654
19.927,9.1108
19.937,8.645
19.947,8.2905
19.957,8.0516
19.967,7.7078
19.977,7.731
19.987,8.2107
19.997,8.5243
20.007,9.1729
20.017,9.444
20.027,10.071
20.037,10.436
20.047,10.952
20.057,10.817
20.067,11.146
20.077,10.799
20.087,11.402
20.096,10.49
20.106,10.905
20.116,10.943
20.126,10.526
20.136,11.14
20.146,10.232
20.156,10.098
20.166,9.4654
20.176,9.2732
20.186,8.9014
20.196,8.7495
20.206,8.7165
20.216,8.8322
20.226,8.7405
20.236,9.4588
20.246,8.9746
20.256,9.8449
20.266,9.1337
20.276,10.086
20.286,9.8187
20.296,10.384
20.306,10.395
20.316,10.29
20.326,10.387
20.336,10.053
20.346,10.52
20.356,9.457
20.366,11.006
20.376,9.1473
20.386,10.963
20.396,9.5509
20.406,10.277
20.416,9.9
20.426,10.417
20.436,10.536
20.446,10.219
20.456,10.521
20.466,9.6456
20.476,10.22
20.486,9.2491
20.496,9.7766
20.506,9.1803
20.516,9.3115
20.526,9.2849
20.535,9.4528
20.545,10.169
20.555,9.5696
20.565,10.727
20.575,9.5831
20.585,11.371
20.595,9.6687
20.605,11.489
20.615,9.4793
20.625,11.552
20.635,9.3874
20.645,10.732
20.655,9.7304
20.665,9.5816
20.675,10.013
20.685,9.4829
20.695,9.3731
20.705,9.0602
20.715,9.2731
20.725,8.6775
20.735,9.0279
20.745,8.6733
20.755,8.6104
20.765,9.2548
20.775,8.8984
20.785,9.3555
20.795,9.3648
20.805,9.3976
20.815,9.7775
20.825,9.9095
20.835,9.9004
20.845,10.645
20.855,9.9115
20.865,10.829
20.875,9.6614
20.885,10.91
20.895,9.5245
20.905,10.859
20.915,9.9863
20.925,11.285
20.935,10.281
20.945,11.317
20.955,9.5901
20.965,10.59
20.974,8.8816
20.984,10.12
20.994,10.098
21.004,9.0828
21.014,11.301
21.024,8.0922
21.034,11.394
21.044,9.1937
21.054,10.434
21.064,9.8413
21.074,9.6097
21.084,10.447
21.094,9.6456
21.104,9.7036
21.114,9.6278
21.124,9.2133
21.134,9.4292
21.144,9.8245
21.154,9.2726
21.164,9.7902
21.174,8.73
21.184,9.7778
21.194,9.3475
21.204,10.198
21.214,9.4178
21.224,10.129
21.234,10.155
21.244,9.6904
21.254,10.62
21.264,9.5834
21.274,11.435
21.284,9.7146
21.294,11.395
21.304,9.7108
21.314,10.853
21.324,9.5793
21.334,10.705
21.344,9.2469
21.354,10.797
21.364,8.6719
21.374,9.9991
21.384,8.4835
21.394,9.5614
21.404,8.9908
21.413,9.8911
21.423,9.1487
21.433,9.7696
21.443,9.5226
21.453,9.3945
21.463,10.143
21.473,9.5654
21.483,9.9718
21.493,10.203
21.503,9.4786
21.513,10.763
21.523,9.4067
21.533,10.926
21.543,9.5449
21.553,11.125
21.563,9.5513
21.573,10.777
21.583,9.231
21.593,10.288
21.603,8.8505
21.613,9.1886
21.623,8.809
21.633,8.3137
21.643,9.208
21.653,8.073
21.663,9.3666
21.673,8.9345
21.683,9.8332
21.693,9.8807
21.703,10.313
21.713,10.431
21.723,10.495
21.733,10.607
21.743,10.646
21.753,11.028
21.763,10.945
21.773,11.06
21.783,10.56
21.793,10.908
21.803,10.277
21.813,11.146
21.823,9.8031
21.833,11.205
21.842,9.3564
21.852,10.16
21.862,9.4171
21.872,9.7154
21.882,9.5465
21.892,9.0174
21.902,9.1092
21.912,8.9553
21.922,8.3805
21.932,9.2032
21.942,8.1124
21.952,9.6507
21.962,8.6258
21.972,10.032
21.982,9.3521
21.992,10.324
22.002,10.288
22.012,10.764
22.022,10.654
22.032,11.119
22.042,10.584
22.052,11.526
22.062,10.28
22.072,11.422
22.082,10.606
22.092,10.149
22.102,10.548
22.112,9.6067
22.122,9.6572
22.132,9.0758
22.142,8.8791
22.152,8.6445
22.162,8.9092
22.172,8.0796
22.182,9.2211
22.192,8.3139
22.202,10.393
22.212,9.1214
22.222,10.985
22.232,9.7834
22.242,11.217
22.252,10.806
22.262,11.047
22.272,11.017
22.282,10.947
22.292,10.933
22.301,10.721
22.311,10.777
22.321,10.431
22.331,10.292
22.341,9.3532
22.351,9.609
22.361,8.7536
22.371,9.0391
22.381,7.9604
22.391,8.2712
22.401,7.6699
22.411,7.7923
22.421,8.1068
22.431,8.3398
22.441,8.6674
22.451,9.4976
22.461,9.8557
22.471,10.658
22.481,10.182
22.491,10.562
22.501,9.9158
22.511,10.059
22.521,10.604
22.531,10.15
22.541,11.069
22.551,10.14
22.561,11.186
22.571,10.223
22.581,11.246
22.591,10.213
22.601,11.574
22.611,10.412
22.621,11.528
22.631,10.144
22.641,10.542
22.651,9.659
22.661,9.6227
22.671,9.2653
22.681,9.0396
22.691,9.1683
22.701,8.6932
22.711,9.3217
22.721,8.8282
22.731,9.1615
22.74,8.5499
22.75,9.0707
22.76,8.5722
22.77,9.7495
22.78,8.9402
22.79,10.317
22.8,9.397
22.81,10.541
22.82,10.222
22.83,10.23
22.84,10.783
22.85,10.123
22.86,10.929
22.87,10.508
22.88,10.489
22.89,10.535
22.9,10.163
22.91,10.185
22.92,9.4738
22.93,9.9636
22.94,9.3367
22.95,9.6163
22.96,9.6867
22.97,9.0175
22.98,10.549
22.99,8.7583
23,10.872
23.01,9.5151
23.02,10.057
23.03,10.184
23.04,9.4249
23.05,10.638
23.06,9.6841
23.07,10.35
23.08,9.936
23.09,10.131
23.1,9.8699
23.11,10.11
23.12,9.3097
23.13,10.279
23.14,8.701
23.15,10.251
23.16,8.9174
23.17,9.7697
23.179,9.225
23.189,9.7938
23.199,8.6251
23.209,10.152
23.219,8.405
23.229,10.231
23.239,8.5899
23.249,9.9661
23.259,9.0156
23.269,9.7811
23.279,9.3066
23.289,9.8483
23.299,9.6587
23.309,10.368
23.319,10.08
23.329,10.941
23.339,10.019
23.349,11.453
23.359,9.6859
23.369,11.615
23.379,9.792
23.389,11.012
23.399,10.187
23.409,10.85
23.419,9.5196
23.429,10.696
23.439,9.0828
23.449,10.284
23.459,9.3036
23.469,10.079
23.479,9.6545
23.489,9.7995
23.499,9.9531
23.509,9.5461
23.519,10.527
23.529,9.659
23.539,10.543
23.549,9.5013
23.559,10.34
23.569,9.9214
23.579,9.8953
23.589,10.144
23.599,9.5811
23.609,9.8289
23.619,9.5865
23.628,9.1011
23.638,9.208
23.648,9.0018
23.658,8.9307
23.668,9.0367
23.678,9.6533
23.688,9.2027
23.698,10.465
23.708,9.0388
23.718,11.269
23.728,9.228
23.738,11.529
23.748,9.4678
23.758,11.057
23.768,9.8334
23.778,10.219
23.788,10.321
23.798,9.8853
23.808,10.451
23.818,9.8606
23.828,9.9137
23.838,10.103
23.848,9.2153
23.858,10.137
23.868,8.9373
23.878,9.6632
23.888,9.3135
23.898,8.9616
23.908,9.2689
23.918,8.8289
23.928,9.5401
23.938,8.709
23.948,9.7311
23.958,9.0315
23.968,9.9542
23.978,9.5394
23.988,9.9025
23.998,9.8911
24.008,10.012
24.018,10.426
24.028,10.487
24.038,10.459
24.047,10.603
24.057,9.6314
24.067,10.809
24.077,8.9911
24.087,11.274
24.097,9.357
24.107,10.392
24.117,9.6847
24.127,9.2788
24.137,10.073
24.147,9.1256
24.157,10.233
24.167,9.7584
24.177,10.199
24.187,9.8697
24.197,10.424
24.207,9.9067
24.217,10.436
24.227,10.488
24.237,10.018
24.247,10.816
24.257,9.7003
24.267,10.399
24.277,10.306
24.287,9.7173
24.297,10.26
24.307,9.631
24.317,9.3867
24.327,9.9917
24.337,8.5739
24.347,9.6748
24.357,8.9056
24.367,9.4275
24.377,9.1198
24.387,9.4777
24.397,9.2431
24.407,9.5742
24.417,9.4097
24.427,10.093
24.437,9.5885
24.447,10.697
24.457,9.9068
24.467,10.738
24.477,10.009
24.486,10.533
24.496,10.202
24.506,10.486
24.516,9.9518
24.526,10.611
24.536,9.6361
24.546,10.594
24.556,9.2388
24.566,10.04
24.576,9.8759
24.586,9.1328
24.596,9.8464
24.606,9.344
24.616,9.7146
24.626,9.3659
24.636,9.7552
24.646,9.6292
24.656,10.029
24.666,9.9803
24.676,10.452
24.686,10.081
24.696,10.726
24.706,10.197
24.716,10.561
24.726,10.046
24.736,10.284
24.746,9.4329
24.756,9.9648
24.766,9.3311
24.776,9.2813
24.786,8.9445
24.796,8.5504
24.806,9.1865
24.816,7.8911
24.826,9.679
24.836,8.0277
24.846,9.7982
24.856,8.9955
24.866,10.005
24.876,9.7634
24.886,10.495
24.896,10.387
24.906,10.751
24.915,10.569
24.925,11.213
24.935,10.46
24.945,11.09
24.955,9.8872
24.965,10.793
24.975,9.6169
24.985,10.425
24.995,9.9518
25.005,9.7573
25.015,10.307
25.025,8.8634
25.035,9.9774
25.045,9.2738
25.055,9.57
25.065,9.754
25.075,9.9242
25.085,9.819
25.095,10.43
25.105,9.8968
25.115,10.195
25.125,10.206
25.135,10.19
25.145,10.084
25.155,10.22
25.165,10.063
25.175,10.009
25.185,9.3132
25.195,10.154
25.205,8.956
25.215,9.5196
25.225,9.1882
25.235,9.2987
25.245,8.9197
25.255,9.4193
25.265,9.1208
25.275,9.0261
25.285,10.075
25.295,8.4923
25.305,11.031
25.315,8.4556
25.325,11.409
25.335,9.109
25.344,11.254
25.354,9.6742
25.364,10.939
25.374,9.9396
25.384,10.274
25.394,9.9747
25.404,9.8142
25.414,10.478
25.424,9.9146
25.434,10.136
25.444,10.382
25.454,10.055
25.464,10.258
25.474,9.5201
25.484,10.233
25.494,8.8935
25.504,9.8504
25.514,9.1836
25.524,9.6266
25.534,9.3395
25.544,9.5693
25.554,8.7007
25.564,9.9669
25.574,8.4697
25.584,9.925
25.594,8.9571
25.604,9.3927
25.614,9.6036
25.624,9.6159
25.634,9.8805
25.644,9.6901
25.654,9.8196
25.664,9.8124
25.674,9.8973
25.684,9.9497
25.694,10.035
25.704,10.128
25.714,9.8588
25.724,10.604
25.734,9.9101
25.744,10.488
25.754,9.9765
25.764,10.261
25.774,9.838
25.784,10.212
25.794,9.61
25.804,10.397
25.814,9.5516
25.824,10.063
25.833,9.4957
25.843,9.704
25.853,9.6768
25.863,9.8295
25.873,9.8639
25.883,10.039
25.893,9.8554
25.903,9.8663
25.913,9.6206
25.923,9.7247
25.933,9.704
25.943,9.6647
25.953,9.6349
25.963,9.5217
25.973,9.5959
25.983,9.5355
25.993,9.6341
26.003,9.6437
26.013,9.7184
26.023,9.7191
26.033,9.7682
26.043,9.7911
26.053,9.8554
26.063,9.8592
26.073,9.856
26.083,9.9347
26.093,9.9479
26.103,10.019
26.113,9.9847
26.123,10.021
26.133,10.027
26.143,10.032
26.153,10.013
26.163,10.045
26.173,10.044
26.183,9.9486
26.193,9.9453
26.203,9.9342
26.213,9.926
26.223,9.8597
26.233,9.8396
26.243,9.7569
26.253,9.7513
26.263,9.7405
26.273,9.7501
26.282,9.8218
26.292,9.8363
26.302,9.8271
26.312,9.8057
26.322,9.8679
26.332,9.9015
26.342,9.9113
26.352,9.8799
26.362,9.8971
26.372,9.9083
26.382,9.8983
26.392,9.8738
26.402,9.881
26.412,9.8613
26.422,9.8417
26.432,9.8178
26.442,9.8486
26.452,9.8582
26.462,9.8104
26.472,9.8009
26.482,9.8232
26.492,9.8356
26.502,9.8486
26.512,9.8446
26.522,9.814
26.532,9.8627
26.542,9.8274
26.552,9.8835
26.562,9.8847
26.572,9.8899
26.582,9.8757
26.592,9.8566
26.602,9.8709
26.612,9.873
26.622,9.8868
26.632,9.8527
26.642,9.8205
26.652,9.822
26.662,9.7708
26.672,9.7308
26.682,9.6672
26.692,9.6525
26.701,9.5452
26.711,9.6284
26.721,9.6687
26.731,9.7579
26.741,9.7521
26.751,9.7804
26.761,9.7825
26.771,9.8428
26.781,9.8515
26.791,9.9444
26.801,10.047
26.811,10.121
26.821,10.217
26.831,10.204
26.841,10.174
26.851,10.103
26.861,10.057
26.871,10.013
26.881,10.04
26.891,10.033
26.901,10.008
26.911,9.939
26.921,9.8583
26.931,9.7905
26.941,9.7176
26.951,9.6594
26.961,9.6877
26.971,9.7067
26.981,9.6678
26.991,9.7233
27.001,9.7069
27.011,9.7582
27.021,9.7473
27.031,9.7935
27.041,9.7973
27.051,9.8606
27.061,9.8642
27.071,9.8453
27.081,9.8166
27.091,9.8772
27.101,9.8895
27.111,9.9616
27.121,9.964
27.131,9.9598
27.14,9.8588
27.15,9.8078
27.16,9.8534
27.17,9.8575
27.18,9.8881
27.19,9.9482
27.2,9.9021
27.21,9.9564
27.22,9.7649
27.23,9.8211
27.24,9.6295
27.25,9.8116
27.26,9.6688
27.27,10.107
27.28,9.6928
27.29,10.23
27.3,9.6239
27.31,10.102
27.32,9.531
27.33,9.9914
27.34,9.8137
27.35,9.911
27.36,10.053
27.37,10.003
27.38,9.9787
27.39,10.049
27.4,9.8682
27.41,9.8986
27.42,9.8316
27.43,9.7687
27.44,9.7786
27.45,9.6831
27.46,9.7922
27.47,9.593
27.48,9.9809
27.49,9.6132
27.5,10.088
27.51,9.6394
27.52,9.9012
27.53,9.7055
27.54,9.7652
27.55,9.7209
27.56,9.8434
27.57,9.8563
27.58,9.9003
27.589,9.7346
27.599,9.9479
27.609,9.5305
27.619,10.04
27.629,9.4525
27.639,10.066
27.649,9.6094
27.659,9.9826
27.669,9.7908
27.679,9.9311
27.689,9.7822
27.699,9.822
27.709,9.7627
27.719,9.947
27.729,9.9007
27.739,9.8386
27.749,10.014
27.759,9.8054
27.769,10.07
27.779,9.8628
27.789,9.8429
27.799,9.9332
27.809,9.6894
27.819,9.8075
27.829,9.6111
27.839,9.813
27.849,9.665
27.859,10.026
27.869,9.8148
27.879,9.8992
27.889,9.7039
27.899,9.9119
27.909,9.7392
27.919,9.9787
27.929,9.6391
27.939,10.045
27.949,9.8055
27.959,10.029
27.969,9.8474
27.979,9.9896
27.989,9.8887
27.999,10.217
28.009,9.9395
28.019,10.266
28.028,10.01
28.038,10.029
28.048,9.9372
28.058,9.7721
28.068,9.8414
28.078,9.6705
28.088,9.9878
28.098,10.004
28.108,9.9377
28.118,10.108
28.128,9.8128
28.138,10.016
28.148,9.6518
28.158,9.8938
28.168,9.6729
28.178,9.8657
28.188,9.904
28.198,9.9998
28.208,10.144
28.218,9.8164
28.228,10.088
28.238,9.797
28.248,9.888
28.258,9.8744
28.268,9.8842
28.278,9.9636
28.288,9.8914
28.298,9.8341
28.308,9.7624
28.318,9.7299
28.328,9.7304
28.338,9.8386
28.348,9.8142
28.358,10.034
28.368,9.7187
28.378,10.095
28.388,9.5627
28.398,10.126
28.408,9.6853
28.418,9.992
28.428,9.9913
28.438,10.019
28.448,10.166
28.458,9.9268
28.468,10.049
28.477,9.7708
28.487,9.9124
28.497,9.9965
28.507,9.6045
28.517,9.9289
28.527,9.4744
28.537,9.7928
28.547,9.6691
28.557,9.7284
28.567,9.7331
28.577,10.033
28.587,9.8598
28.597,10.046
28.607,9.8377
28.617,9.8768
28.627,9.7103
28.637,9.7768
28.647,9.5805
28.657,9.8977
28.667,9.7875
28.677,9.8676
28.687,10.088
28.697,9.9353
28.707,10.15
28.717,9.9847
28.727,9.9552
28.737,10.025
28.747,9.7359
28.757,10.119
28.767,9.622
28.777,10.196
28.787,9.6551
28.797,10.052
28.807,9.8578
28.817,9.7917
28.827,9.9803
28.837,9.7393
28.847,9.7334
28.857,9.9422
28.867,9.5109
28.877,10.242
28.887,9.692
28.896,10.263
28.906,10.112
28.916,9.8576
28.926,10.407
28.936,9.8883
28.946,10.385
28.956,10.08
28.966,10.261
28.976,9.9646
28.986,10.068
28.996,9.8447
29.006,9.9119
29.016,9.8955
29.026,9.811
29.036,9.9887
29.046,9.9309
29.056,9.9832
29.066,9.9139
29.076,9.7387
29.086,9.7458
29.096,9.5946
29.106,9.6902
29.116,9.6638
29.126,9.6476
29.136,9.7554
29.146,9.6582
29.156,9.7902
29.166,9.6605
29.176,9.7488
29.186,9.695
29.196,9.8371
29.206,9.7058
29.216,10.157
29.226,9.6561
29.236,10.008
29.246,9.6828
29.256,9.7322
29.266,9.7157
29.276,9.5311
29.286,9.9513
29.296,9.5741
29.306,10.206
29.316,9.6383
29.326,10.391
29.335,9.5105
29.345,10.213
29.355,9.8657
29.365,9.5683
29.375,10.198
29.385,9.1487
29.395,10.274
29.405,9.1445
29.415,10.078
29.425,9.6423
29.435,10.144
29.445,9.8952
29.455,10.1
29.465,9.9627
29.475,9.772
29.485,9.8253
29.495,9.5693
29.505,9.6182
29.515,9.6296
29.525,9.6359
29.535,9.5626
29.545,9.7893
29.555,9.5456
29.565,10.096
29.575,9.9071
29.585,10.23
29.595,9.8188
29.605,10.159
29.615,9.4909
29.625,10.024
29.635,9.4497
29.645,10.013
29.655,9.5257
29.665,10.125
29.675,9.9188
29.685,10.414
29.695,9.96
29.705,10.081
29.715,9.7486
29.725,9.6253
29.735,9.8619
29.745,9.5361
29.755,10.367
29.765,9.2862
29.775,10.733
29.784,9.0602
29.794,10.768
29.804,9.0866
29.814,10.589
29.824,9.6578
29.834,10.061
29.844,10.149
29.854,9.5973
29.864,10.331
29.874,9.4976
29.884,10.071
29.894,9.5763
29.904,10.052
29.914,9.7126
29.924,10.387
29.934,9.8094
29.944,10.296
29.954,9.77
29.964,9.9178
29.974,9.8048
29.984,9.9048
29.994,9.947
30.004,9.8934
30.014,9.9303
30.024,9.9443
30.034,9.8337
30.044,9.9745
30.054,9.6185
30.064,9.8398
30.074,9.563
30.084,9.9097
30.094,9.7007
30.104,10.015
30.114,9.872
30.124,10.019
30.134,9.9286
30.144,9.8581
30.154,10.07
30.164,9.8498
30.174,10.113
30.184,9.9173
30.194,9.9309
30.203,10.059
30.213,9.9829
30.223,10.01
30.233,10.109
30.243,10.133
30.253,10.023
30.263,10.109
30.273,9.8986
30.283,10.11
30.293,9.5678
30.303,9.9205
30.313,9.4572
30.323,9.8962
30.333,9.735
30.343,9.8946
30.353,9.9
30.363,9.7654
30.373,9.822
30.383,9.6197
30.393,9.6028
30.403,9.6316
30.413,9.7902
30.423,9.7449
30.433,9.9185
30.443,9.7658
30.453,10.002
30.463,9.5802
30.473,9.9227
30.483,9.4789
30.493,9.8476
30.503,9.6744
30.513,9.8892
30.523,9.8265
30.533,9.872
30.543,9.7149
30.553,9.7831
30.563,9.9051
30.573,9.8497
30.583,10.146
30.593,10.002
30.603,10.26
30.612,10.257
30.622,10.078
30.632,10.201
30.642,10.068
30.652,10.072
30.662,9.9095
30.672,10.229
30.682,9.7769
30.692,10.226
30.702,9.6203
30.712,10.152
30.722,9.7069
30.732,9.9121
30.742,9.6772
30.752,9.648
30.762,9.647
30.772,9.5677
30.782,9.6801
30.792,9.6391
30.802,9.6759
30.812,9.695
30.822,9.6841
30.832,9.701
30.842,9.7218
30.852,9.7533
30.862,9.8974
30.872,9.7748
30.882,10.033
30.892,9.7521
30.902,9.9775
30.912,9.8316
30.922,9.8107
30.932,10.106
30.942,9.804
30.952,10.366
30.962,9.6525
30.972,10.538
30.982,9.6148
30.992,10.514
31.002,9.6871
31.012,10.301
31.022,9.7245
31.032,9.9109
31.041,9.8711
31.051,9.7775
31.061,9.972
31.071,9.687
31.081,10.184
31.091,9.4793
31.101,9.9576
31.111,9.3261
31.121,9.6015
31.131,9.569
31.141,9.582
31.151,9.9296
31.161,9.6052
31.171,9.9533
31.181,9.9838
31.191,9.7373
31.201,9.8621
31.211,9.748
31.221,9.7361
31.231,9.9577
31.241,9.9033
31.251,9.8823
31.261,10.161
31.271,9.7311
31.281,10.235
31.291,9.8131
31.301,10.227
31.311,9.8142
31.321,10.249
31.331,9.7464
31.341,10.216
31.351,9.8329
31.361,10.19
31.371,9.6678
31.381,10.09
31.391,9.7295
31.401,10.069
31.411,9.7489
31.421,10.311
31.431,9.7117
31.441,10.296
31.451,9.7232
31.461,10.121
31.47,9.8821
31.48,9.8491
31.49,10.092
31.5,9.7837
31.51,9.9533
31.52,9.7387
31.53,9.8025
31.54,9.5959
31.55,9.6744
31.56,9.5226
31.57,9.4853
31.58,9.7245
31.59,9.3298
31.6,9.891
31.61,9.4952
31.62,9.8892
31.63,9.784
31.64,9.6602
31.65,10.117
31.66,9.4009
31.67,10.347
31.68,9.4834
31.69,10.299
31.7,9.9592
31.71,10.036
31.72,10.24
31.73,9.8748
31.74,10.165
31.75,9.8823
31.76,9.9929
31.77,10.014
31.78,9.8684
31.79,10.032
31.8,9.8802
31.81,9.9655
31.82,9.9643
31.83,9.8576
31.84,10.018
31.85,9.7594
31.86,10.105
31.87,9.8203
31.88,9.7587
31.89,9.71
31.9,9.8004
31.91,9.7468
31.92,9.9607
31.929,9.9197
31.939,10.055
31.949,9.8163
31.959,10.036
31.969,9.8055
31.979,9.8375
31.989,9.6756
31.999,9.5783
32.009,9.6022
32.019,9.4635
32.029,9.654
32.039,9.6
32.049,9.7085
32.059,9.707
32.069,9.8621
32.079,9.6301
32.089,9.9887
32.099,9.6114
32.109,10.197
32.119,9.7479
32.129,10.179
32.139,10.166
32.149,9.7102
32.159,10.288
32.169,9.4784
32.179,10.362
32.189,9.5343
32.199,10.306
32.209,9.8196
32.219,10.138
32.229,10.039
32.239,10.006
32.249,10.187
32.259,9.8811
32.269,10.236
32.279,9.5979
32.289,10.091
32.299,9.4614
32.309,10.089
32.319,9.5693
32.329,9.9071
32.339,9.7479
32.349,9.344
32.359,9.8664
32.369,9.0205
32.378,9.9483
32.388,9.0827
32.398,10.001
32.408,9.2806
32.418,10.246
32.428,9.6145
32.438,9.8717
32.448,10.099
32.458,9.7362
32.468,10.227
32.478,9.7688
32.488,10.339
32.498,9.8155
32.508,10.246
32.518,9.9124
32.528,10.035
32.538,10.035
32.548,9.8598
32.558,9.7548
32.568,9.9257
32.578,9.5024
32.588,10.21
32.598,9.7124
32.608,10.2
32.618,9.8664
32.628,9.6391
32.638,10.193
32.648,9.5043
32.658,10.353
32.668,9.694
32.678,10.221
32.688,9.7265
32.698,10.005
32.708,9.8705
32.718,9.9756
32.728,9.8351
32.738,9.8804
32.748,9.6322
32.758,9.8733
32.768,9.6145
32.778,9.9051
32.788,9.7582
32.798,9.7736
32.807,9.7684
32.817,9.5947
32.827,9.8832
32.837,9.5615
32.847,9.5826
32.857,9.8798
32.867,9.4855
32.877,10.196
32.887,9.6322
32.897,9.9387
32.907,9.9521
32.917,9.5994
32.927,10.24
32.937,9.5889
32.947,10.26
32.957,9.7519
32.967,10.119
32.977,9.8766
32.987,9.9784
32.997,9.9618
33.007,9.8982
33.017,10.198
33.027,9.7622
33.037,10.278
33.047,9.803
33.057,10.264
33.067,9.7652
33.077,10.113
33.087,9.5184
33.097,9.991
33.107,9.4588
33.117,9.7524
33.127,9.5931
33.137,9.6461
33.147,9.6078
33.157,9.5938
33.167,9.6661
33.177,9.9874
33.187,9.7804
33.197,10.271
33.207,9.7241
33.217,10.349
33.227,9.7
33.237,10.399
33.247,9.5663
33.256,10.317
33.266,9.863
33.276,10.081
33.286,10.189
33.296,9.7998
33.306,10.472
33.316,9.4597
33.326,10.19
33.336,9.3743
33.346,9.8582
33.356,9.4623
33.366,9.7515
33.376,9.9518
33.386,9.7365
33.396,10.361
33.406,9.8567
33.416,9.9558
33.426,9.854
33.436,9.551
33.446,10.126
33.456,9.5617
33.466,10.335
33.476,9.6467
33.486,10.225
33.496,9.6096
33.506,9.954
33.516,9.7594
33.526,9.7025
33.536,9.9772
33.546,9.5903
33.556,10.087
33.566,9.6179
33.576,9.8465
33.586,9.8295
33.596,9.3388
33.606,10.013
33.616,9.2385
33.626,10.195
33.636,9.3862
33.646,10.004
33.656,9.6843
33.666,9.9438
33.676,9.9286
33.685,9.7651
33.695,10.082
33.705,9.8118
33.715,10.094
33.725,10.006
33.735,10.023
33.745,10.407
33.755,10.109
33.765,10.279
33.775,10.061
33.785,10.125
33.795,10.029
33.805,10.041
33.815,9.8694
33.825,9.8157
33.835,9.7995
33.845,9.6016
33.855,9.9639
33.865,9.6874
33.875,9.8816
33.885,10.069
33.895,9.9787
33.905,9.998
33.915,9.8039
33.925,10.077
33.935,9.3052
33.945,10.134
33.955,9.1292
33.965,10.299
33.975,9.5314
33.985,9.8757
33.995,9.9208
34.005,9.5326
34.015,9.7462
34.025,9.3746
34.035,9.5558
34.045,9.3933
34.055,9.7001
34.065,9.5198
34.075,10.071
34.085,9.5445
34.095,10.209
34.104,9.509
34.114,10.313
34.124,9.6717
34.134,10.479
34.144,9.9437
34.154,10.506
34.164,10.152
34.174,10.36
34.184,10.084
34.194,10.28
34.204,9.9679
34.214,10.179
34.224,10.094
34.234,9.9934
34.244,10.143
34.254,10.013
34.264,9.8977
34.274,10.185
34.284,9.8191
34.294,10.127
34.304,9.7917
34.314,9.6473
34.324,9.8087
34.334,9.3792
34.344,9.6793
34.354,9.1797
34.364,9.7001
34.374,9.1288
34.384,9.4775
34.394,9.5769
34.404,9.4225
34.414,9.779
34.424,9.5054
34.434,9.7869
34.444,9.5494
34.454,9.8058
34.464,9.7952
34.474,9.5503
34.484,10.215
34.494,9.4798
34.504,10.107
34.514,9.9001
34.524,9.9482
34.534,10.166
34.543,9.9985
34.553,10.137
34.563,10.433
34.573,10.067
34.583,10.349
34.593,9.7771
34.603,10.447
34.613,9.4907
34.623,10.431
34.633,9.5903
34.643,10.327
34.653,9.9524
34.663,10.175
34.673,9.6874
34.683,10.115
34.693,9.2355
34.703,10.026
34.713,9.2621
34.723,9.8844
34.733,9.3952
34.743,9.7076
34.753,9.5388
34.763,9.6603
34.773,9.7524
34.783,9.5504
34.793,9.7396
34.803,9.5903
34.813,9.8096
34.823,9.6356
34.833,10.123
34.843,9.7033
34.853,10.316
34.863,9.8072
34.873,10.239
34.883,9.6879
34.893,10.075
34.903,9.6949
34.913,9.964
34.923,9.9489
34.933,9.779
34.943,10.178
34.953,9.7154
34.963,10.013
34.972,9.785
34.982,10.029
34.992,9.9298
35.002,10.124
35.012,10.068
35.022,10.039
35.032,10.076
35.042,9.8824
35.052,10.053
35.062,9.9435
35.072,10.016
35.082,9.9197
35.092,9.9655
35.102,9.6355
35.112,9.742
35.122,9.5473
35.132,9.4934
35.142,9.4525
35.152,9.5786
35.162,9.3204
35.172,9.7539
35.182,8.8812
35.192,10.073
35.202,8.9735
35.212,10.255
35.222,9.5462
35.232,10.049
35.242,10.02
35.252,10.026
35.262,10.315
35.272,9.798
35.282,10.382
35.292,9.8675
35.302,10.46
35.312,10.051
35.322,10.167
35.332,10.22
35.342,9.6976
35.352,10.064
35.362,9.4873
35.372,10.03
35.382,9.7114
35.392,9.9835
35.402,9.7263
35.411,9.9101
35.421,9.7338
35.431,10.03
35.441,9.9178
35.451,10.022
35.461,9.7099
35.471,10.026
35.481,9.5678
35.491,10.101
35.501,9.7509
35.511,9.9265
35.521,9.7947
35.531,9.741
35.541,9.8347
35.551,9.5193
35.561,10.076
35.571,9.2612
35.581,10.236
35.591,9.1969
35.601,10.072
35.611,9.5614
35.621,9.7362
35.631,9.8973
35.641,9.3466
35.651,10.22
35.661,9.309
35.671,10.185
35.681,9.6187
35.691,9.9301
35.701,10.018
35.711,9.7126
35.721,10.393
35.731,9.5165
35.741,10.67
35.751,9.3681
35.761,10.69
35.771,9.5715
35.781,10.693
35.791,9.8898
35.801,10.411
35.811,9.9428
35.821,10.503
35.831,9.8621
35.84,10.316
35.85,9.6771
35.86,10.162
35.87,9.6052
35.88,10.054
35.89,9.6006
35.9,9.7898
35.91,9.7328
35.92,9.4177
35.93,10.208
35.94,9.1377
35.95,10.386
35.96,9.1595
35.97,9.9998
35.98,9.3265
35.99,9.7998
36,9.565
36.01,9.6061
36.02,9.8244
36.03,9.6699
36.04,9.945
36.05,9.6465
36.06,10.028
36.07,9.6256
36.08,10.04
36.09,9.8004
36.1,10.025
36.11,10.13
36.12,10.203
36.13,10.112
36.14,10.048
36.15,10.03
36.16,9.8456
36.17,10.077
36.18,9.748
36.19,10.049
36.2,9.7212
36.21,10.176
36.22,9.9714
36.23,10.009
36.24,10.151
36.25,9.7404
36.26,10.259
36.269,9.7852
36.279,10.262
36.289,9.7193
36.299,10.23
36.309,9.7338
36.319,10.085
36.329,9.8299
36.339,9.9163
36.349,9.9916
36.359,9.7774
36.369,10.099
36.379,9.5552
36.389,10.207
36.399,9.3552
36.409,10.229
36.419,9.3307
36.429,9.8922
36.439,9.7022
36.449,9.6789
36.459,10.012
36.469,9.5968
36.479,10.105
36.489,9.4882
36.499,9.8166
36.509,9.7404
36.519,9.5906
36.529,10.085
36.539,9.3157
36.549,10.311
36.559,9.5006
36.569,10.167
36.579,9.5464
36.589,9.8839
36.599,9.6932
36.609,9.8627
36.619,10.036
36.629,9.748
36.639,10.5
36.649,9.4642
36.659,10.415
36.669,9.5413
36.679,10.158
36.689,9.7064
36.699,9.9802
36.709,9.8866
36.719,10.044
36.729,9.9673
36.738,9.9191
36.748,10.082
36.758,9.9543
36.768,10.134
36.778,9.776
36.788,9.8896
36.798,9.6196
36.808,9.4599
36.818,9.5461
36.828,9.4036
36.838,9.5226
36.848,9.6042
36.858,9.6091
36.868,9.8223
36.878,9.5111
36.888,9.7814
36.898,9.1192
36.908,10.086
36.918,9.3449
36.928,10.193
36.938,9.8097
36.948,9.8667
36.958,10.163
36.968,9.8962
36.978,9.936
36.988,10.182
36.998,9.8438
37.008,10.536
37.018,9.8567
37.028,10.58
37.038,9.9339
37.048,10.493
37.058,10.061
37.068,10.099
37.078,10.284
37.088,9.7961
37.098,10.188
37.108,9.5742
37.118,10.1
37.128,9.2913
37.138,10.17
37.148,9.3105
37.158,9.9598
37.167,9.4497
37.177,9.7545
37.187,9.4268
37.197,9.8337
37.207,9.2062
37.217,10.266
37.227,9.2582
37.237,10.352
37.247,9.8721
37.257,10.154
37.267,10.42
37.277,9.6123
37.287,10.318
37.297,9.4283
37.307,10.184
37.317,9.5341
37.327,10.179
37.337,9.7997
37.347,9.8679
37.357,9.9805
37.367,9.616
37.377,10.105
37.387,9.4463
37.397,10.087
37.407,9.6693
37.417,9.9836
37.427,10.077
37.437,9.9881
37.447,10.147
37.457,9.817
37.467,10.175
37.477,9.3705
37.487,10.22
37.497,9.3344
37.507,10.136
37.517,9.6105
37.527,9.8634
37.537,9.8986
37.547,9.4629
37.557,10.143
37.567,9.2741
37.577,10.28
37.587,9.5569
37.597,10.243
37.607,9.6944
37.616,9.8107
37.626,10.027
37.636,9.4847
37.646,10.256
37.656,9.6775
37.666,9.9694
37.676,10.037
37.686,9.6837
37.696,10.186
37.706,9.5702
37.716,10.123
37.726,9.6805
37.736,10.091
37.746,9.9446
37.756,10.017
37.766,10.237
37.776,9.6235
37.786,10.333
37.796,9.6202
37.806,10.034
37.816,9.9802
37.826,9.9681
37.836,9.7467
37.846,9.945
37.856,9.5043
37.866,9.8181
37.876,9.7594
37.886,9.6542
37.896,9.6626
37.906,9.8069
37.916,9.4516
37.926,9.9122
37.936,9.6494
37.946,9.8257
37.956,9.7471
37.966,9.7886
37.976,9.9465
37.986,10.031
37.996,10.047
38.006,9.7762
38.016,10.073
38.026,9.5254
38.036,9.7961
38.046,9.6159
38.055,10.058
38.065,9.6253
38.075,10.445
38.085,9.4549
38.095,10.455
38.105,9.6687
38.115,10.318
38.125,9.8666
38.135,10.428
38.145,9.9932
38.155,10.46
38.165,10.077
38.175,10.074
38.185,10.066
38.195,9.728
38.205,9.8646
38.215,9.5566
38.225,9.9359
38.235,9.2888
38.245,10.34
38.255,9.1142
38.265,10.514
38.275,9.3463
38.285,9.9992
38.295,9.7679
38.305,9.5198
38.315,10.009
38.325,9.4835
38.335,10.026
38.345,9.6284
38.355,9.8384
38.365,9.6435
38.375,9.8194
38.385,9.7052
38.395,9.8034
38.405,9.7603
38.415,9.4973
38.425,9.8344
38.435,9.5804
38.445,9.6495
38.455,9.8269
38.465,9.5186
38.475,10.083
38.485,9.6784
38.495,10.052
38.504,9.9982
38.514,9.8383
38.524,10.224
38.534,9.5545
38.544,10.256
38.554,9.5843
38.564,10.01
38.574,9.6754
38.584,9.7425
38.594,9.839
38.604,9.7332
38.614,10.034
38.624,9.6558
38.634,10.218
38.644,9.8732
38.654,10.309
38.664,9.8368
38.674,10.322
38.684,9.82
38.694,10.089
38.704,10.243
38.714,9.6476
38.724,10.176
38.734,9.4111
38.744,9.6109
38.754,9.3346
38.764,9.3557
38.774,9.6551
38.784,9.4021
38.794,10.371
38.804,9.1955
38.814,10.577
38.824,9.1439
38.834,10.402
38.844,9.3764
38.854,10.273
38.864,9.7835
38.874,9.9628
38.884,10.071
38.894,9.9991
38.904,10.264
38.914,9.9109
38.924,10.406
38.934,9.8369
38.944,10.32
38.953,9.7846
38.963,9.9169
38.973,9.6931
38.983,9.5088
38.993,10.06
39.003,9.3981
39.013,10.345
39.023,9.5329
39.033,10.108
39.043,9.4991
39.053,9.9639
39.063,9.6356
39.073,10.102
39.083,9.9919
39.093,10.552
39.103,10.159
39.113,10.348
39.123,10.376
39.133,9.8881
39.143,10.321
39.153,9.559
39.163,9.8513
39.173,9.6783
39.183,9.3289
39.193,9.8489
39.203,9.0702
39.213,9.6841
39.223,9.4895
39.233,9.446
39.243,9.8106
39.253,9.4165
39.263,9.7524
39.273,9.4347
39.283,10.077
39.293,9.509
39.303,10.432
39.313,9.7513
39.323,10.65
39.333,9.681
39.343,10.627
39.353,9.62
39.363,10.377
39.373,9.7862
39.383,10.181
39.393,10.099
39.403,10.057
39.413,10.641
39.423,9.6317
39.433,10.915
39.442,9.2994
39.452,10.613
39.462,9.475
39.472,10.193
39.482,9.8022
39.492,9.8217
39.502,10.222
39.512,9.548
39.522,10.467
39.532,9.1548
39.542,10.249
39.552,9.1759
39.562,9.5168
39.572,9.8158
39.582,9.0226
39.592,10.326
39.602,8.8256
39.612,10.393
39.622,8.8867
39.632,10.076
39.642,9.2774
39.652,9.6172
39.662,9.7494
39.672,9.488
39.682,10.112
39.692,9.5573
39.702,10.144
39.712,9.6485
39.722,10.021
39.732,9.7001
39.742,9.9874
39.752,9.8209
39.762,10.161
39.772,9.9533
39.782,10.29
39.792,10.075
39.802,10.301
39.812,10.302
39.822,10.178
39.832,10.279
39.842,10.06
39.852,10.272
39.862,10.12
39.872,10.055
39.882,10.129
39.892,9.8103
39.902,10.127
39.912,9.2267
39.921,10.422
39.931,8.8915
39.941,10.784
39.951,8.8795
39.961,10.586
39.971,9.1331
39.981,9.7465
39.991,9.7058
40.001,9.1845
40.011,10.186
40.021,9.0059
40.031,10.457
40.041,8.7495
40.051,10.446
40.061,8.8872
40.071,10.073
40.081,9.2536
40.091,9.836
40.101,9.5513
40.111,9.6955
40.121,10.005
40.131,9.5844
40.141,10.385
40.151,9.4936
40.161,10.481
40.171,9.6682
40.181,10.529
40.191,10.014
40.201,10.238
40.211,10.627
40.221,9.7078
40.231,10.658
40.241,9.5337
40.251,10.24
40.261,9.7419
40.271,10.032
40.281,9.8771
40.291,9.8152
40.301,10.212
40.311,9.5174
40.321,10.349
40.331,9.3121
40.341,10.103
40.351,9.5873
40.361,9.4684
40.371,9.7368
40.38,9.175
40.39,9.9771
40.4,9.2246
40.41,9.8583
40.42,9.5829
40.43,9.5609
40.44,9.9314
40.45,9.569
40.46,9.9631
40.47,9.6012
40.48,9.8444
40.49,9.4533
40.5,9.8233
40.51,9.3118
40.52,9.9167
40.53,9.3374
40.54,10.077
40.55,9.576
40.56,9.8952
40.57,9.9227
40.58,9.7847
40.59,10.18
40.6,9.8899
40.61,10.496
40.62,10.043
40.63,10.612
40.64,10.291
40.65,9.986
40.66,10.608
40.67,9.6971
40.68,10.692
40.69,9.6579
40.7,10.589
40.71,9.6076
40.72,10.371
40.73,9.7757
40.74,10.323
40.75,9.6763
40.76,10.446
40.77,9.0547
40.78,10.491
40.79,8.6388
40.8,10.586
40.81,8.6465
40.82,10.165
40.829,9.2835
40.839,9.1895
40.849,9.8087
40.859,8.6586
40.869,9.9217
40.879,8.9194
40.889,9.8681
40.899,9.3508
40.909,9.9384
40.919,9.481
40.929,9.7479
40.939,9.4563
40.949,9.7331
40.959,9.8669
40.969,9.647
40.979,10.727
40.989,9.8609
40.999,10.797
41.009,9.9434
41.019,10.477
41.029,9.897
41.039,10.234
41.049,9.9113
41.059,10.3
41.069,10.298
41.079,10.527
41.089,10.296
41.099,10.355
41.109,10.054
41.119,9.7985
41.129,10.185
41.139,9.316
41.149,10.72
41.159,9.0683
41.169,10.705
41.179,9.2919
41.189,10.027
41.199,9.7429
41.209,9.6054
41.219,10.116
41.229,9.2455
41.239,10.159
41.249,9.1071
41.259,9.9286
41.269,9.0928
41.279,9.5889
41.288,9.3193
41.298,9.2798
41.308,9.6197
41.318,9.1499
41.328,9.7422
41.338,9.2895
41.348,9.7428
41.358,9.6224
41.368,9.8586
41.378,9.9247
41.388,9.8979
41.398,10.097
41.408,10.028
41.418,9.8581
41.428,10.275
41.438,9.6323
41.448,10.317
41.458,9.8542
41.468,10.541
41.478,10.473
41.488,10.422
41.498,10.743
41.508,10.201
41.518,10.331
41.528,10.102
41.538,10.01
41.548,10.133
41.558,10.26
41.568,9.7928
41.578,10.639
41.588,9.7998
41.598,10.094
41.608,9.9101
41.618,9.4078
41.628,10.057
41.638,9.1508
41.648,10.156
41.658,9.1394
41.668,9.8913
41.678,9.3549
41.688,9.1976
41.698,9.9309
41.708,8.8608
41.718,10.048
41.727,9.1163
41.737,9.6085
41.747,9.3425
41.757,9.3356
41.767,9.5471
41.777,9.2907
41.787,9.8308
41.797,9.2606
41.807,10.178
41.817,9.5057
41.827,9.9622
41.837,9.8709
41.847,9.8813
41.857,10.139
41.867,9.9495
41.877,10.399
41.887,10.182
41.897,10.459
41.907,10.564
41.917,9.9516
41.927,10.829
41.937,9.537
41.947,10.78
41.957,9.5084
41.967,10.663
41.977,9.7143
41.987,10.561
41.997,10.064
42.007,10.285
42.017,10.035
42.027,10.049
42.037,9.6976
42.047,9.8384
42.057,9.5941
42.067,9.4578
42.077,9.9061
42.087,8.7598
42.097,10.223
42.107,8.1742
42.117,10.202
42.127,8.4516
42.137,9.6471
42.146,9.3329
42.156,9.0517
42.166,10.016
42.176,8.8381
42.186,10.317
42.196,9.2705
42.206,10.078
42.216,9.7236
42.226,9.8804
42.236,10.063
42.246,9.8923
42.256,10.54
42.266,9.6435
42.276,10.954
42.286,9.2148
42.296,10.991
42.306,9.2482
42.316,10.728
42.326,9.9215
42.336,10.169
42.346,10.344
42.356,9.9
42.366,10.344
42.376,9.4753
42.386,10.662
42.396,9.5442
42.406,10.44
42.416,9.8263
42.426,10.318
42.436,9.6479
42.446,10.452
42.456,9.2753
42.466,10.291
42.476,9.3563
42.486,10.081
42.496,9.5967
42.506,9.717
42.516,9.8425
42.526,9.2885
42.536,10.071
42.546,8.9723
42.556,9.9673
42.566,9.2807
42.575,9.4629
42.585,9.9043
42.595,9.2397
42.605,10.169
42.615,9.1027
42.625,10.284
42.635,9.2829
42.645,10.174
42.655,9.4668
42.665,10.328
42.675,9.7684
42.685,10.207
42.695,9.8334
42.705,9.9036
42.715,9.9519
42.725,9.9411
42.735,10.114
42.745,10.127
42.755,10.244
42.765,9.8678
42.775,10.472
42.785,9.5754
42.795,10.651
42.805,9.5174
42.815,10.821
42.825,9.6007
42.835,10.555
42.845,9.955
42.855,10.161
42.865,10.141
42.875,9.8889
42.885,10.168
42.895,9.5521
42.905,10.065
42.915,9.2695
42.925,10.008
42.935,9.1355
42.945,9.9028
42.955,9.3529
42.965,9.7322
42.975,9.792
42.985,9.5076
42.995,9.9588
43.004,9.0048
43.014,9.7109
43.024,9.1574
43.034,9.4692
43.044,9.3488
43.054,9.4888
43.064,9.5376
43.074,9.5968
43.084,9.825
43.094,9.6808
43.104,10.01
43.114,9.526
43.124,9.964
43.134,9.6694
43.144,10.008
43.154,10.126
43.164,10.132
43.174,10.569
43.184,10.448
43.194,10.399
43.204,10.534
43.214,9.9498
43.224,10.674
43.234,9.764
43.244,10.83
43.254,9.7084
43.264,10.816
43.274,9.7784
43.284,10.437
43.294,9.8594
43.304,9.9622
43.314,9.6754
43.324,9.3282
43.334,9.5329
43.344,9.2288
43.354,9.4591
43.364,9.4057
43.374,9.5398
43.384,9.1972
43.394,9.7783
43.404,9.0659
43.414,9.593
43.424,9.3868
43.434,9.1027
43.443,9.5075
43.453,9.3246
43.463,9.5094
43.473,9.8465
43.483,9.4633
43.493,10.362
43.503,9.3479
43.513,10.684
43.523,9.056
43.533,10.738
43.543,9.131
43.553,10.339
43.563,9.6335
43.573,9.6703
43.583,10.232
43.593,9.2594
43.603,11.289
43.613,9.3934
43.623,11.905
43.633,9.3267
43.643,11.633
43.653,9.2062
43.663,10.942
43.673,9.666
43.683,10.425
43.693,10.156
43.703,10.053
43.713,10.505
43.723,9.6527
43.733,10.465
43.743,9.3657
43.753,10.262
43.763,9.2521
43.773,10.063
43.783,9.4223
43.793,9.7187
43.803,9.5081
43.813,9.4473
43.823,9.7136
43.833,9.3024
43.843,9.9841
43.853,9.2526
43.863,9.8196
43.873,9.6338
43.882,9.478
43.892,9.7489
43.902,9.3319
43.912,9.8446
43.922,9.443
43.932,10.121
43.942,9.782
43.952,10.158
43.962,10.008
43.972,9.9398
43.982,10.156
43.992,9.5368
44.002,10.334
44.012,9.3936
44.022,10.468
44.032,9.3078
44.042,10.535
44.052,9.6931
44.062,10.34
44.072,9.9085
44.082,10.007
44.092,9.9839
44.102,9.9836
44.112,9.7878
44.122,10.331
44.132,9.792
44.142,10.115
44.152,9.9324
44.162,10.056
44.172,10.081
44.182,9.8489
44.192,10.331
44.202,9.3425
44.212,10.489
44.222,9.2788
44.232,10.636
44.242,8.9972
44.252,10.56
44.262,8.5894
44.272,10.442
44.282,8.7876
44.292,10.274
44.302,9.1633
44.312,9.8679
44.321,9.5895
44.331,9.3972
44.341,10.068
44.351,9.0255
44.361,10.109
44.371,9.1608
44.381,10.01
44.391,9.6096
44.401,9.8585
44.411,9.9916
44.421,9.8566
44.431,10.359
44.441,9.6611
44.451,10.513
44.461,9.5897
44.471,10.515
44.481,9.5181
44.491,10.717
44.501,9.6462
44.511,10.817
44.521,9.6165
44.531,10.694
44.541,9.653
44.551,10.364
44.561,9.778
44.571,10.224
44.581,9.8543
44.591,9.8578
44.601,9.9657
44.611,9.4497
44.621,10.193
44.631,9.328
44.641,10.077
44.651,9.0183
44.661,10.25
44.671,8.8643
44.681,10.375
44.691,9.1518
44.701,10.352
44.711,9.3603
44.721,10.307
44.731,9.3015
44.741,10.248
44.75,9.2535
44.76,10.199
44.77,9.648
44.78,10.238
44.79,9.9086
44.8,10.197
44.81,9.9323
44.82,9.8551
44.83,9.8637
44.84,9.7126
44.85,9.8714
44.86,9.6882
44.87,9.9079
44.88,9.565
44.89,9.9226
44.9,9.6638
44.91,9.9083
44.92,9.7182
44.93,9.9148
44.94,9.7106
44.95,10.131
44.96,9.9278
44.97,10.315
44.98,9.9115
44.99,10.285
45,10.046
45.01,9.9844
45.02,10.338
45.03,10.026
45.04,10.327
45.05,10.297
45.06,10.373
45.07,10.407
45.08,10.215
45.09,10.062
45.1,9.9604
45.11,9.6108
45.12,9.6886
45.13,9.13
45.14,9.6602
45.15,9.0918
45.159,9.5823
45.169,9.2118
45.179,9.4704
45.189,9.479
45.199,9.2599
45.209,9.9299
45.219,9.2641
45.229,9.9122
45.239,9.6221
45.249,9.5166
45.259,10.105
45.269,9.1535
45.279,10.843
45.289,9.1695
45.299,11.223
45.309,9.5352
45.319,10.544
45.329,9.7506
45.339,9.6753
45.349,10.086
45.359,9.6105
45.369,10.305
45.379,9.9793
45.389,10.177
45.399,10.053
45.409,9.9287
45.419,10.035
45.429,9.8404
45.439,10.09
45.449,9.9693
45.459,9.8887
45.469,10.275
45.479,9.6286
45.489,10.401
45.499,9.6335
45.509,10.303
45.519,9.7028
45.529,9.857
45.539,9.7109
45.549,9.5554
45.559,9.3777
45.569,9.7564
45.579,9.1898
45.588,10.066
45.598,9.1099
45.608,10.139
45.618,9.209
45.628,9.9518
45.638,9.3413
45.648,9.5534
45.658,9.7468
45.668,9.1187
45.678,10.376
45.688,8.9247
45.698,10.933
45.708,8.9939
45.718,11.095
45.728,9.1886
45.738,10.643
45.748,9.6711
45.758,10.22
45.768,10.096
45.778,10.068
45.788,10.512
45.798,9.9402
45.808,10.518
45.818,9.6859
45.828,10.298
45.838,9.5518
45.848,10.115
45.858,9.6606
45.868,9.9227
45.878,10.285
45.888,9.603
45.898,10.789
45.908,9.4822
45.918,10.706
45.928,9.6247
45.938,10.267
45.948,9.7988
45.958,9.935
45.968,9.876
45.978,9.7747
45.988,9.9375
45.998,9.6792
46.008,9.8787
46.018,9.4332
46.027,9.6876
46.037,9.3359
46.047,9.5668
46.057,9.3214
46.067,9.406
46.077,9.4627
46.087,9.1538
46.097,9.8046
46.107,8.8869
46.117,10.036
46.127,8.9572
46.137,10.03
46.147,9.4323
46.157,9.9765
46.167,9.7043
46.177,9.9268
46.187,9.9985
46.197,9.9077
46.207,10.28
46.217,9.8581
46.227,10.363
46.237,9.8492
46.247,10.396
46.257,9.9104
46.267,10.785
46.277,9.7344
46.287,11.017
46.297,9.5467
46.307,10.821
46.317,9.6798
46.327,10.424
46.337,10.119
46.347,10.008
46.357,10.364
46.367,9.5617
46.377,10.009
46.387,9.5816
46.397,9.3892
46.407,9.9919
46.417,9.4081
46.427,10.121
46.437,9.3608
46.447,9.8783
46.457,9.3725
46.466,9.5001
46.476,9.5808
46.486,9.5388
46.496,9.7331
46.506,9.7486
46.516,9.6935
46.526,9.7106
46.536,9.6883
46.546,9.5286
46.556,9.794
46.566,9.4138
46.576,10.073
46.586,9.3537
46.596,10.158
46.606,9.5789
46.616,10.053
46.626,9.9298
46.636,10.112
46.646,10.122
46.656,10.264
46.666,9.948
46.676,10.551
46.686,9.9036
46.696,10.454
46.706,9.9283
46.716,10.242
46.726,10.024
46.736,10.124
46.746,10.287
46.756,9.7474
46.766,10.596
46.776,9.4698
46.786,10.612
46.796,9.4849
46.806,10.479
46.816,9.6516
46.826,10.081
46.836,9.764
46.846,9.6777
46.856,9.7088
46.866,9.2434
46.876,9.3795
46.886,9.1053
46.895,9.1725
46.905,9.2774
46.915,9.5424
46.925,9.4796
46.935,9.7901
46.945,9.2274
46.955,9.8907
46.965,9.0144
46.975,10.039
46.985,9.1553
46.995,10.21
47.005,9.4684
47.015,10.088
47.025,9.8881
47.035,9.7822
47.045,10.08
47.055,9.7735
47.065,10.152
47.075,10.057
47.085,10.18
47.095,10.443
47.105,10.427
47.115,10.677
47.125,10.536
47.135,10.869
47.145,10.142
47.155,10.786
47.165,9.6576
47.175,10.706
47.185,9.5329
47.195,10.716
47.205,9.4895
47.215,10.525
47.225,9.3687
47.235,10.277
47.245,8.9192
47.255,10.203
47.265,8.5188
47.275,10.172
47.285,8.2838
47.295,10.225
47.305,8.2785
47.315,9.8395
47.324,8.7578
47.334,9.28
47.344,9.4277
47.354,8.8557
47.364,10.028
47.374,8.8146
47.384,10.407
47.394,8.8914
47.404,10.542
47.414,8.8529
47.424,10.367
47.434,9.349
47.444,10.404
47.454,9.9025
47.464,10.526
47.474,10.163
47.484,10.42
47.494,10.31
47.504,10.191
47.514,10.714
47.524,10.025
47.534,10.865
47.544,10.095
47.554,10.3
47.564,10.227
47.574,9.8902
47.584,10.458
47.594,9.7045
47.604,10.769
47.614,9.493
47.624,10.716
47.634,9.3368
47.644,10.774
47.654,9.1306
47.664,10.585
47.674,9.1012
47.684,10.034
47.694,8.9987
47.704,9.7513
47.714,9.222
47.724,9.4186
47.734,9.4651
47.744,9.0292
47.753,9.7551
47.763,8.8131
47.773,9.8109
47.783,8.8078
47.793,9.8724
47.803,8.6403
47.813,9.9176
47.823,9.0129
47.833,9.6717
47.843,9.8838
47.853,9.6295
47.863,10.513
47.873,9.775
47.883,10.499
47.893,9.7944
47.903,10.43
47.913,10.187
47.923,10.289
47.933,10.451
47.943,10.02
47.953,10.449
47.963,10.093
47.973,10.375
47.983,10.254
47.993,10.44
48.003,10.371
48.013,10.349
48.023,10.246
48.033,10.373
48.043,9.7928
48.053,10.399
48.063,9.2906
48.073,10.498
48.083,9.0768
48.093,10.367
48.103,9.4519
48.113,9.8558
48.123,9.8131
48.133,9.3997
48.143,9.8383
48.153,9.341
48.163,9.4286
48.172,9.3879
48.182,9.0755
48.192,9.4153
48.202,8.9765
48.212,9.2294
48.222,9.0747
48.232,9.3582
48.242,9.1541
48.252,9.7832
48.262,9.3305
48.272,10.045
48.282,9.3174
48.292,10.26
48.302,9.5687
48.312,10.307
48.322,9.9115
48.332,10.232
48.342,10.232
48.352,9.923
48.362,10.72
48.372,9.8613
48.382,11.006
48.392,9.9326
48.402,10.913
48.412,9.9413
48.422,10.839
48.432,9.9077
48.442,10.941
48.452,9.9947
48.462,10.652
48.472,9.8757
48.482,10.103
48.492,9.7673
48.502,9.7637
48.512,10.055
48.522,9.4359
48.532,10.522
48.542,9.1488
48.552,10.243
48.562,8.839
48.572,9.6389
48.582,8.5146
48.591,9.208
48.601,8.5592
48.611,9.0422
48.621,8.9369
48.631,9.0608
48.641,9.2943
48.651,9.0861
48.661,9.5915
48.671,9.0937
48.681,9.7295
48.691,9.1737
48.701,9.9157
48.711,9.3546
48.721,10.056
48.731,9.864
48.741,10.324
48.751,10.383
48.761,10.458
48.771,10.572
48.781,10.189
48.791,10.538
48.801,10.224
48.811,10.566
48.821,10.415
48.831,10.584
48.841,10.602
48.851,10.118
48.861,10.779
48.871,9.8468
48.881,10.775
48.891,9.6431
48.901,10.83
48.911,9.3057
48.921,11.177
48.931,8.8824
48.941,11.221
48.951,8.5427
48.961,10.705
48.971,8.1345
48.981,10.024
48.99,8.1616
49,9.2865
49.01,8.731
49.02,8.8712
49.03,9.1225
49.04,8.7842
49.05,9.3572
49.06,9.0172
49.07,9.3069
49.08,9.6287
49.09,9.1746
49.1,10.175
49.11,9.1605
49.12,10.507
49.13,9.6305
49.14,10.829
49.15,10.105
49.16,10.84
49.17,10.181
49.18,10.6
49.19,10.17
49.2,10.148
49.21,10.287
49.22,9.9024
49.23,10.468
49.24,9.9988
49.25,10.47
49.26,10.156
49.27,10.452
49.28,9.7536
49.29,10.483
49.3,9.4515
49.31,10.62
49.32,9.3282
49.33,10.382
49.34,9.6795
49.35,9.9142
49.36,9.9783
49.37,9.4063
49.38,10.092
49.39,9.0839
49.4,9.9462
49.409,9.1874
49.419,9.6338
49.429,9.1358
49.439,9.3677
49.449,8.8668
49.459,9.4777
49.469,8.7903
49.479,9.5474
49.489,8.8325
49.499,9.5709
49.509,9.0964
49.519,9.6614
49.529,9.5566
49.539,9.8619
49.549,9.91
49.559,10.228
49.569,9.9935
49.579,10.771
49.589,10.216
49.599,10.942
49.609,10.169
49.619,10.632
49.629,10.167
49.639,10.576
49.649,10.362
49.659,10.506
49.669,10.234
49.679,10.211
49.689,10.215
49.699,10.072
49.709,10.137
49.719,10.401
49.729,9.7126
49.739,10.5
49.749,9.3299
49.759,10.497
49.769,9.3828
49.779,9.991
49.789,9.385
49.799,9.3855
49.809,9.3512
49.818,9.0042
49.828,9.3963
49.838,8.7349
49.848,9.4156
49.858,8.7372
49.868,9.5371
49.878,8.8526
49.888,9.3846
49.898,9.1473
49.908,9.2171
49.918,9.531
49.928,9.422
49.938,9.9133
49.948,9.7203
49.958,10.211
49.968,10.195
49.978,10.354
49.988,10.401
49.998,10.239
50.008,10.249
50.018,10.305
50.028,10.141
50.038,10.545
50.048,10.231
50.058,10.682
50.068,10.079
50.078,10.507
50.088,10.029
50.098,10.139
50.108,10.397
50.118,9.6703
50.128,10.68
50.138,9.4753
50.148,10.65
50.158,9.1973
50.168,10.34
50.178,9.2581
50.188,10.345
50.198,9.1548
50.208,10.529
50.218,8.9237
50.228,10.335
50.237,8.9324
50.247,9.7684
50.257,9.1211
50.267,9.3442
50.277,9.3684
50.287,8.9809
50.297,9.7744
50.307,8.8824
50.317,9.809
50.327,9.0913
50.337,9.7928
50.347,9.4912
50.357,9.9137
50.367,10.11
50.377,9.8836
50.387,10.338
50.397,9.8851
50.407,10.174
50.417,10.139
50.427,9.781
50.437,10.401
50.447,9.4983
50.457,10.442
50.467,9.6605
50.477,10.359
50.487,9.8422
50.497,10.202
50.507,10.008
50.517,10.223
50.527,10.046
50.537,10.5
50.547,10.003
50.557,10.618
50.567,9.6676
50.577,10.665
50.587,9.4136
50.597,10.689
50.607,9.4198
50.617,10.352
50.627,9.5714
50.637,9.4898
50.646,9.5073
50.656,8.9662
50.666,9.3169
50.676,8.8185
50.686,9.3651
50.696,9.015
50.706,9.6558
50.716,9.3618
50.726,9.7509
50.736,9.5422
50.746,9.8371
50.756,9.7811
50.766,10.183
50.776,10.001
50.786,10.471
50.796,10.097
50.806,10.492
50.816,10.161
50.826,10.44
50.836,10.095
50.846,10.07
50.856,10.219
50.866,9.8492
50.876,10.469
50.886,9.8307
50.896,10.507
50.906,9.5925
50.916,10.25
50.926,9.3041
50.936,10.132
50.946,9.3091
50.956,10.262
50.966,9.5293
50.976,10.221
50.986,9.8166
50.996,9.8401
51.006,9.9266
51.016,9.7449
51.026,9.9419
51.036,9.64
51.046,9.8334
51.056,9.6498
51.066,9.9263
51.075,9.7982
51.085,9.863
51.095,9.7804
51.105,9.5468
51.115,9.8374
51.125,9.3279
51.135,9.9083
51.145,9.3036
51.155,9.8474
51.165,9.3259
51.175,9.491
51.185,9.5846
51.195,9.6332
51.205,9.8558
51.215,9.8235
51.225,10.062
51.235,9.8121
51.245,10.241
51.255,9.7667
51.265,10.25
51.275,9.9768
51.285,10.268
51.295,10.176
51.305,10.251
51.315,10.408
51.325,10.289
51.335,10.246
51.345,10.104
51.355,10.153
51.365,9.9302
51.375,10.04
51.385,9.8944
51.395,9.8543
51.405,9.7139
51.415,10.045
51.425,9.4654
51.435,10.176
51.445,9.3407
51.455,10.024
51.465,9.3903
51.475,9.6443
51.484,9.8067
51.494,9.1895
51.504,10.007
51.514,8.9737
51.524,10.039
51.534,9.1069
51.544,9.9645
51.554,9.4504
51.564,9.7831
51.574,9.3576
51.584,9.5534
51.594,9.5965
51.604,9.4463
51.614,10.06
51.624,9.5985
51.634,10.443
51.644,9.8947
51.654,10.396
51.664,10.092
51.674,9.985
51.684,10.19
51.694,9.4564
51.704,10.158
51.714,9.4034
51.724,9.9715
51.734,9.5476
51.744,9.6718
51.754,10.145
51.764,9.6992
51.774,10.413
51.784,10.025
51.794,10.273
51.804,10.092
51.814,10.349
51.824,10.339
51.834,10.469
51.844,10.442
51.854,10.504
51.864,10.327
51.873,10.326
51.883,10.158
51.893,9.6895
51.903,10.091
51.913,9.1006
51.923,9.9407
51.933,9.0294
51.943,10.094
51.953,8.9006
51.963,10.013
51.973,8.8086
51.983,9.8887
51.993,9.0232
52.003,9.9926
52.013,9.0692
52.023,9.9556
52.033,9.0503
52.043,9.6301
52.053,9.1871
52.063,9.5666
52.073,9.418
52.083,9.7277
52.093,9.5006
52.103,9.7829
52.113,9.5819
52.123,9.7506
52.133,9.4912
52.143,10.026
52.153,9.9552
52.163,10.614
52.173,10.272
52.183,10.824
52.193,10.459
52.203,10.601
52.213,10.654
52.223,10.671
52.233,10.716
52.243,10.364
52.253,10.306
52.263,9.9899
52.273,9.7407
52.283,9.9571
52.292,9.5786
52.302,10.127
52.312,9.709
52.322,9.9702
52.332,9.5296
52.342,9.6313
52.352,9.4581
52.362,9.6096
52.372,9.4699
52.382,9.6136
52.392,9.5894
52.402,9.497
52.412,9.8851
52.422,9.0309
52.432,10.016
52.442,8.681
52.452,9.908
52.462,8.8379
52.472,9.7224
52.482,9.3825
52.492,9.6928
52.502,9.9181
52.512,9.7619
52.522,10.116
52.532,9.9021
52.542,9.9675
52.552,9.8838
52.562,10.233
52.572,9.9756
52.582,10.627
52.592,9.9562
52.602,10.589
52.612,9.7452
52.622,10.39
52.632,9.809
52.642,10.279
52.652,9.7468
52.662,10.18
52.672,10.22
52.682,10.049
52.692,10.588
52.701,9.8995
52.711,10.558
52.721,9.7631
52.731,10.453
52.741,9.7335
52.751,9.747
52.761,9.7004
52.771,8.9628
52.781,9.4701
52.791,8.6733
52.801,9.4117
52.811,8.8635
52.821,9.303
52.831,9.424
52.841,9.1566
52.851,10.015
52.861,9.2002
52.871,10.374
52.881,9.5278
52.891,10.315
52.901,9.6745
52.911,10.317
52.921,9.7622
52.931,10.414
52.941,10.245
52.951,10.097
52.961,10.694
52.971,9.9509
52.981,10.728
52.991,9.701
53.001,10.51
53.011,9.7118
53.021,10.443
53.031,9.7798
53.041,10.245
53.051,9.8796
53.061,10.146
53.071,9.8401
53.081,10.019
53.091,9.5983
53.101,9.9696
53.11,9.5672
53.12,9.5045
53.13,9.7343
53.14,9.0458
53.15,9.9491
53.16,8.9301
53.17,10.44
53.18,9.0695
53.19,10.729
53.2,8.9999
53.21,10.395
53.22,9.069
53.23,9.8058
53.24,9.231
53.25,9.628
53.26,9.1779
53.27,9.6676
53.28,9.4088
53.29,9.61
53.3,9.5807
53.31,9.8146
53.32,9.7275
53.33,9.9654
53.34,9.9765
53.35,10.345
53.36,10.129
53.37,10.162
53.38,9.9628
53.39,10.367
53.4,9.9821
53.41,10.887
53.42,10.001
53.43,11.218
53.44,9.6501
53.45,11.329
53.46,9.1684
53.47,11.334
53.48,8.9214
53.49,11.175
53.5,9.1265
53.51,11.167
53.519,9.2237
53.529,10.642
53.539,8.9928
53.549,10.018
53.559,9.058
53.569,9.7227
53.579,8.9803
53.589,9.6163
53.599,9.3296
53.609,9.4217
53.619,9.7374
53.629,9.4936
53.639,9.6353
53.649,9.5599
53.659,9.3735
53.669,9.7467
53.679,9.1943
53.689,9.8536
53.699,9.3184
53.709,9.845
53.719,9.6513
53.729,9.8133
53.739,9.9287
53.749,9.9932
53.759,10.002
53.769,10.026
53.779,10.132
53.789,10.161
53.799,10.269
53.809,10.49
53.819,10.393
53.829,10.509
53.839,10.12
53.849,10.48
53.859,9.5087
53.869,10.24
53.879,9.0904
53.889,10.106
53.899,9.2099
53.909,10.129
53.919,9.5033
53.929,10.248
53.938,9.3795
53.948,10.438
53.958,9.1725
53.968,10.581
53.978,9.4049
53.988,10.639
53.998,9.1413
54.008,10.776
54.018,8.9201
54.028,10.584
54.038,9.3247
54.048,10.295
54.058,9.7802
54.068,10.092
54.078,9.9911
54.088,9.8094
54.098,10.199
54.108,9.547
54.118,10.247
54.128,9.3612
54.138,10.214
54.148,9.381
54.158,10.311
54.168,9.632
54.178,10.176
54.188,9.7304
54.198,10.059
54.208,9.6757
54.218,9.9342
54.228,9.5915
54.238,10.023
54.248,9.8422
54.258,10.094
54.268,10.212
54.278,10.073
54.288,9.9223
54.298,10.061
54.308,9.9112
54.318,9.9425
54.328,10.04
54.338,9.7627
54.347,9.7678
54.357,9.5953
54.367,9.7587
54.377,9.653
54.387,9.9221
54.397,9.8003
54.407,10.071
54.417,9.6855
54.427,10.073
54.437,9.5976
54.447,9.9693
54.457,9.5057
54.467,10.124
54.477,9.3361
54.487,10.19
54.497,9.2654
54.507,10.061
54.517,9.3317
54.527,10.059
54.537,9.3198
54.547,10.238
54.557,9.2011
54.567,10.178
54.577,9.1322
54.587,10.162
54.597,9.3793
54.607,10.057
54.617,9.7247
54.627,9.9166
54.637,10.171
54.647,9.8268
54.657,10.678
54.667,9.5456
54.677,10.664
54.687,9.2617
54.697,10.432
54.707,9.1196
54.717,10.383
54.727,9.2148
54.737,10.267
54.747,9.1247
54.757,10.333
54.767,8.8728
54.776,10.426
54.786,8.7625
54.796,10.654
54.806,8.711
54.816,11.184
54.826,8.98
54.836,11.205
54.846,9.4545
54.856,10.739
54.866,9.85
54.876,10.129
54.886,10.224
54.896,9.7971
54.906,10.443
54.916,9.5841
54.926,10.48
54.936,9.556
54.946,10.336
54.956,9.6679
54.966,10.271
54.976,9.5373
54.986,10.065
54.996,9.3141
55.006,10.004
55.016,9.4094
55.026,9.8777
55.036,9.3461
55.046,9.7396
55.056,9.2541
55.066,9.7639
55.076,9.2741
55.086,9.9157
55.096,9.3256
55.106,10.133
55.116,9.369
55.126,10.24
55.136,9.357
55.146,10.176
55.156,9.2822
55.166,10.209
55.176,9.3859
55.186,10.287
55.195,9.5974
55.205,10.574
55.215,9.8069
55.225,10.486
55.235,9.728
55.245,10.078
55.255,9.5214
55.265,10.05
55.275,9.8179
55.285,10.093
55.295,10.248
55.305,10.066
55.315,10.386
55.325,9.9931
55.335,10.187
55.345,9.9815
55.355,9.9088
55.365,10.172
55.375,9.7393
55.385,10.106
55.395,9.5877
55.405,9.894
55.415,9.7179
55.425,9.5922
55.435,10.031
55.445,9.4141
55.455,10.261
55.465,9.1943
55.475,10.275
55.485,8.9723
55.495,10.204
55.505,9.0089
55.515,10.478
55.525,9.1002
55.535,10.482
55.545,9.0753
55.555,10.213
55.565,9.3551
55.575,10.234
55.585,9.59
55.595,10.555
55.604,9.7164
55.614,10.472
55.624,9.8745
55.634,10.141
55.644,9.9718
55.654,9.8745
55.664,10.045
55.674,9.9166
55.684,10.137
55.694,10.022
55.704,10.355
55.714,10.007
55.724,10.084
55.734,9.9519
55.744,9.5552
55.754,9.9892
55.764,9.5717
55.774,10.501
55.784,9.6052
55.794,10.646
55.804,9.2641
55.814,10.516
55.824,8.9933
55.834,10.006
55.844,8.9993
55.854,9.5436
55.864,9.3858
55.874,9.29
55.884,10.048
55.894,9.0406
55.904,10.255
55.914,8.9463
55.924,10.095
55.934,9.1301
55.944,10.046
55.954,9.4668
55.964,10.048
55.974,9.9504
55.984,10.14
55.994,10.465
56.004,10.27
56.013,10.606
56.023,10.081
56.033,10.333
56.043,9.9495
56.053,10.044
56.063,10.069
56.073,10.129
56.083,10.221
56.093,10.354
56.103,10.222
56.113,10.204
56.123,9.9797
56.133,9.9278
56.143,9.6886
56.153,9.8566
56.163,9.662
56.173,9.7396
56.183,9.6415
56.193,9.7259
56.203,9.5242
56.213,9.7681
56.223,9.3234
56.233,9.944
56.243,9.0071
56.253,10.105
56.263,8.8478
56.273,10.194
56.283,8.9357
56.293,10.335
56.303,9.3455
56.313,10.151
56.323,9.5922
56.333,9.9823
56.343,9.7236
56.353,9.7233
56.363,9.9287
56.373,9.5843
56.383,10.239
56.393,9.7748
56.403,10.363
56.413,9.7458
56.423,10.479
56.432,9.8399
56.442,10.539
56.452,9.8039
56.462,10.435
56.472,9.8245
56.482,10.238
56.492,9.9604
56.502,10.048
56.512,10.057
56.522,9.9051
56.532,10.152
56.542,9.8751
56.552,10.227
56.562,9.8338
56.572,10.303
56.582,9.8226
56.592,10.413
56.602,9.7804
56.612,10.451
56.622,9.6521
56.632,10.262
56.642,9.4636
56.652,9.886
56.662,9.2386
56.672,9.8307
56.682,9.375
56.692,10.01
56.702,9.5989
56.712,9.9977
56.722,9.3397
56.732,9.6991
56.742,9.2318
56.752,9.5959
56.762,9.2265
56.772,9.7271
56.782,9.3428
56.792,9.9515
56.802,9.5367
56.812,10.08
56.822,9.5674
56.832,9.9784
56.841,9.6636
56.851,9.9254
56.861,9.65
56.871,10.163
56.881,9.6135
56.891,10.233
56.901,9.8268
56.911,10.24
56.921,10.195
56.931,10.348
56.941,10.231
56.951,10.288
56.961,10.265
56.971,10.276
56.981,10.325
56.991,10.132
57.001,10.406
57.011,9.6537
57.021,10.368
57.031,9.3139
57.041,10.331
57.051,8.9768
57.061,10.376
57.071,8.6632
57.081,10.375
57.091,8.7104
57.101,10.072
57.111,8.8312
57.121,9.6895
57.131,9.1017
57.141,9.6533
57.151,9.2556
57.161,9.5296
57.171,9.4922
57.181,9.3587
57.191,9.7226
57.201,9.7863
57.211,9.5874
57.221,10.207
57.231,9.8152
57.241,10.469
57.251,10.202
57.261,10.376
57.27,10.307
57.28,10.012
57.29,10.082
57.3,9.6218
57.31,9.8884
57.32,9.2999
57.33,10.001
57.34,9.5506
57.35,10.409
57.36,10.014
57.37,10.466
57.38,10.033
57.39,10.493
57.4,9.9065
57.41,10.165
57.42,9.6632
57.43,10.181
57.44,9.6109
57.45,10.404
57.46,9.7774
57.47,10.449
57.48,9.8694
57.49,9.9675
57.5,9.8862
57.51,9.6296
57.52,10.024
57.53,9.426
57.54,9.9089
57.55,9.3735
57.56,9.8844
57.57,9.4247
57.58,9.8808
57.59,9.4415
57.6,9.6194
57.61,9.3979
57.62,9.3064
57.63,9.484
57.64,9.249
57.65,9.6483
57.66,9.2615
57.67,9.8232
57.68,9.2283
57.689,10.044
57.699,9.0887
57.709,10.478
57.719,8.927
57.729,10.71
57.739,9.3057
57.749,10.944
57.759,9.9549
57.769,10.936
57.779,10.435
57.789,10.703
57.799,10.722
57.809,10.638
57.819,11.02
57.829,10.186
57.839,10.693
57.849,9.6913
57.859,10.406
57.869,9.5709
57.879,10.426
57.889,9.5268
57.899,10.4
57.909,9.6522
57.919,10.114
57.929,9.7334
57.939,9.5103
57.949,9.5907
57.959,9.094
57.969,9.7724
57.979,9.0457
57.989,9.9374
57.999,9.0378
58.009,9.9088
58.019,8.8806
58.029,9.9794
58.039,8.6465
58.049,9.8893
58.059,8.5442
58.069,9.829
58.079,8.7143
58.089,9.9756
58.099,9.2081
58.108,9.9802
58.118,9.5081
58.128,10.047
58.138,9.6645
58.148,10.28
58.158,9.76
58.168,10.56
58.178,9.9167
58.188,10.848
58.198,10.01
58.208,11.022
58.218,10.212
58.228,11.044
58.238,10.24
58.248,10.893
58.258,10.14
58.268,10.475
58.278,9.9753
58.288,9.9742
58.298,9.9673
58.308,9.7004
58.318,10.083
58.328,9.5666
58.338,9.8495
58.348,9.6245
58.358,9.6705
58.368,9.6334
58.378,9.7138
58.388,9.5364
58.398,9.6254
58.408,9.5039
58.418,9.5334
58.428,9.7408
58.438,9.4174
58.448,9.819
58.458,9.4415
58.468,9.4388
58.478,9.363
58.488,9.1612
58.498,9.253
58.508,9.2737
58.518,9.3238
58.528,9.5482
58.538,9.6623
58.547,9.9021
58.557,9.9064
58.567,9.844
58.577,9.8682
58.587,9.6898
58.597,10.132
58.607,10.111
58.617,10.509
58.627,10.383
58.637,10.441
58.647,10.179
58.657,10.194
